YEAR MO DA HH MM     P    u10m  d10m    T2m   RH2m      NR  VWC-7   T-1.6   T-3.9   T-5.8   T-8.5  T-10.4    T-15    T-25    T-70       
2013 05 13 12 00   870.1   3.1  118.  13.23    39.   -56.1    0.2   12.09   12.36   15.13   16.74   17.12   18.53   19.16   14.51
2013 05 13 12 05   870.1   3.4  115.  13.22    39.   -56.9    0.2   12.03   12.29   15.07   16.68   17.08   18.51   19.15   14.51
2013 05 13 12 10   870.1   3.4  117.  12.91    40.   -57.6    0.2   11.98   12.24   15.02   16.63   17.02   18.47   19.14   14.52
2013 05 13 12 15   870.1   3.5  125.  12.34    41.   -58.1    0.2   11.97   12.23   14.97   16.59   16.97   18.42   19.10   14.51
2013 05 13 12 20   870.1   3.6  129.  12.83    40.   -58.3    0.2   11.93   12.19   14.92   16.53   16.91   18.37   19.07   14.49
2013 05 13 12 25   870.2   3.0  137.  12.96    40.   -57.2    0.2   11.92   12.17   14.88   16.49   16.86   18.33   19.05   14.50
2013 05 13 12 30   870.3   2.2  172.  12.37    42.   -56.1    0.2   11.91   12.17   14.84   16.45   16.82   18.29   19.03   14.50
2013 05 13 12 35   870.3   2.6  171.  12.72    41.   -53.1    0.2   11.89   12.17   14.79   16.40   16.77   18.24   19.00   14.49
2013 05 13 12 40   870.4   2.5  175.  12.77    40.   -50.6    0.2   11.87   12.19   14.75   16.35   16.72   18.20   18.97   14.47
2013 05 13 12 45   870.4   2.2  161.  12.99    40.   -44.9    0.2   11.88   12.24   14.72   16.32   16.68   18.16   18.96   14.48
2013 05 13 12 50   870.5   1.9  162.  13.20    39.   -38.1    0.2   11.88   12.32   14.71   16.28   16.64   18.13   18.94   14.49
2013 05 13 12 55   870.5   1.8  167.  13.60    38.   -32.5    0.2   11.89   12.43   14.68   16.25   16.59   18.09   18.92   14.49
2013 05 13 13 00   870.6   2.0  141.  13.99    37.   -21.2    0.2   11.90   12.56   14.67   16.22   16.55   18.05   18.90   14.48
2013 05 13 13 05   870.6   2.4  136.  14.23    36.   -17.8    0.2   11.95   12.74   14.67   16.18   16.50   18.00   18.87   14.47
2013 05 13 13 10   870.7   1.8  148.  14.19    37.    -5.2    0.2   12.02   12.92   14.65   16.14   16.45   17.95   18.83   14.46
2013 05 13 13 15   870.8   1.1  199.  14.03    39.     4.9    0.2   12.15   13.19   14.65   16.10   16.41   17.90   18.79   14.44
2013 05 13 13 20   870.8   1.7  157.  14.49    37.    13.7    0.2   12.33   13.53   14.69   16.10   16.37   17.85   18.76   14.44
2013 05 13 13 25   870.8   1.0  172.  14.97    37.    24.0    0.2   12.52   13.89   14.74   16.09   16.33   17.80   18.73   14.43
2013 05 13 13 30   870.9   1.2  171.  15.46    36.    34.8    0.2   12.75   14.30   14.80   16.08   16.30   17.75   18.70   14.41
2013 05 13 13 35   871.0   1.3  178.  16.06    35.    45.4    0.2   13.02   14.77   14.86   16.07   16.26   17.69   18.66   14.39
2013 05 13 13 40   871.0   1.5  161.  16.57    35.    54.9    0.2   13.33   15.29   14.95   16.08   16.24   17.64   18.62   14.37
2013 05 13 13 45   871.0   1.8  169.  17.05    34.    63.2    0.2   13.65   15.83   15.05   16.08   16.22   17.59   18.58   14.35
2013 05 13 13 50   871.0   2.1  169.  17.54    34.    75.3    0.2   13.99   16.39   15.18   16.10   16.22   17.54   18.54   14.34
2013 05 13 13 55   871.0   2.2  166.  17.90    33.    86.0    0.2   14.33   16.88   15.33   16.14   16.23   17.50   18.52   14.33
2013 05 13 14 00   871.0   2.0  172.  18.10    32.    95.9    0.2   14.70   17.47   15.47   16.17   16.25   17.46   18.48   14.32
2013 05 13 14 05   871.1   1.9  181.  18.32    32.   106.8    0.2   15.11   18.09   15.63   16.21   16.27   17.42   18.45   14.31
2013 05 13 14 10   871.1   1.6  188.  18.61    31.   117.6    0.2   15.54   18.68   15.82   16.26   16.30   17.38   18.41   14.29
2013 05 13 14 15   871.1   1.6  192.  18.97    30.   125.5    0.2   16.01   19.30   16.03   16.34   16.36   17.35   18.39   14.29
2013 05 13 14 20   871.1   1.8  190.  19.45    30.   136.9    0.2   16.52   19.93   16.26   16.42   16.42   17.33   18.37   14.29
2013 05 13 14 25   871.1   2.3  188.  19.75    29.   146.8    0.2   17.03   20.52   16.48   16.51   16.48   17.31   18.34   14.29
2013 05 13 14 30   871.1   2.4  188.  20.13    28.   158.0    0.2   17.50   21.05   16.72   16.59   16.54   17.29   18.31   14.28
2013 05 13 14 35   871.2   2.1  195.  20.39    28.   169.6    0.2   17.98   21.59   16.96   16.69   16.62   17.26   18.29   14.28
2013 05 13 14 40   871.2   1.7  173.  20.64    27.   180.9    0.2   18.48   22.17   17.22   16.81   16.70   17.25   18.27   14.27
2013 05 13 14 45   871.1   1.2  168.  21.22    27.   190.0    0.2   19.03   22.83   17.48   16.94   16.80   17.24   18.24   14.27
2013 05 13 14 50   871.1   1.7  165.  21.69    26.   201.2    0.2   19.60   23.47   17.75   17.06   16.89   17.23   18.21   14.26
2013 05 13 14 55   871.0   2.0  151.  22.11    25.   204.7    0.2   20.15   24.09   18.03   17.18   16.99   17.21   18.19   14.25
2013 05 13 15 00   871.0   3.1  148.  22.61    25.   190.8    0.2   20.70   24.62   18.31   17.31   17.08   17.20   18.16   14.24
2013 05 13 15 05   871.0   5.1  139.  23.31    22.   212.5    0.2   21.16   25.00   18.58   17.45   17.19   17.20   18.13   14.24
2013 05 13 15 10   870.9   5.8  148.  23.74    21.   227.6    0.2   21.57   25.35   18.83   17.59   17.30   17.19   18.11   14.23
2013 05 13 15 15   870.9   5.5  151.  23.86    21.   236.9    0.2   21.97   25.68   19.09   17.75   17.44   17.22   18.11   14.25
2013 05 13 15 20   870.9   6.4  145.  24.06    21.   264.3    0.2   22.35   26.08   19.31   17.90   17.56   17.22   18.09   14.25
2013 05 13 15 25   870.9   6.1  139.  24.22    21.   273.0    0.2   22.81   26.61   19.55   18.04   17.68   17.23   18.07   14.25
2013 05 13 15 30   870.9   6.6  137.  24.41    21.   285.7    0.2   23.28   27.05   19.78   18.19   17.80   17.24   18.05   14.25
2013 05 13 15 35   870.9   6.9  138.  24.59    20.   296.6    0.2   23.71   27.48   20.01   18.33   17.92   17.26   18.03   14.24
2013 05 13 15 40   870.8   6.7  136.  24.59    20.   308.5    0.2   24.14   27.90   20.25   18.48   18.05   17.28   18.01   14.25
2013 05 13 15 45   870.8   6.6  131.  24.91    20.   318.2    0.2   24.57   28.33   20.50   18.62   18.18   17.31   17.99   14.24
2013 05 13 15 50   870.8   6.7  130.  25.15    19.   327.2    0.2   25.00   28.76   20.74   18.77   18.31   17.34   17.97   14.24
2013 05 13 15 55   870.8   6.3  124.  25.22    19.   336.1    0.2   25.42   29.18   20.99   18.92   18.44   17.37   17.95   14.24
2013 05 13 16 00   870.7   6.3  123.  25.50    19.   344.4    0.2   25.85   29.61   21.25   19.07   18.57   17.40   17.93   14.24
2013 05 13 16 05   870.7   6.6  139.  25.80    18.   353.0    0.2   26.29   30.11   21.51   19.22   18.71   17.44   17.91   14.23
2013 05 13 16 10   870.7   5.9  144.  26.37    18.   362.3    0.2   26.74   30.61   21.76   19.38   18.84   17.47   17.89   14.23
2013 05 13 16 15   870.7   6.0  149.  26.66    17.   370.4    0.2   27.18   31.10   22.01   19.53   18.96   17.51   17.87   14.23
2013 05 13 16 20   870.6   7.0  146.  26.58    17.   379.9    0.2   27.59   31.59   22.27   19.69   19.10   17.54   17.85   14.22
2013 05 13 16 25   870.6   7.1  144.  26.60    17.   388.1    0.2   27.99   32.02   22.52   19.85   19.23   17.59   17.84   14.22
2013 05 13 16 30   870.6   6.4  136.  26.78    16.   396.4    0.2   28.40   32.47   22.78   20.02   19.38   17.63   17.82   14.22
2013 05 13 16 35   870.5   7.1  130.  26.97    17.   402.5    0.2   28.84   32.94   23.05   20.18   19.51   17.68   17.81   14.21
2013 05 13 16 40   870.5   6.3  137.  27.56    16.   410.0    0.2   29.30   33.42   23.33   20.35   19.66   17.73   17.79   14.21
2013 05 13 16 45   870.5   6.3  138.  27.74    16.   417.8    0.2   29.72   33.85   23.58   20.52   19.80   17.78   17.78   14.21
2013 05 13 16 50   870.5   7.0  132.  27.91    15.   425.4    0.2   30.13   34.31   23.85   20.69   19.94   17.83   17.76   14.21
2013 05 13 16 55   870.5   5.8  146.  28.00    15.   432.8    0.2   30.59   34.81   24.15   20.88   20.11   17.91   17.77   14.23
2013 05 13 17 00   870.5   5.5  147.  28.24    15.   438.5    0.2   31.03   35.26   24.41   21.04   20.24   17.95   17.75   14.21
2013 05 13 17 05   870.5   6.0  157.  28.45    14.   444.8    0.2   31.42   35.70   24.68   21.21   20.39   18.01   17.73   14.20
2013 05 13 17 10   870.5   5.0  151.  28.39    14.   452.2    0.2   31.76   36.06   24.95   21.39   20.53   18.07   17.72   14.20
2013 05 13 17 15   870.5   6.1  144.  28.48    14.   454.2    0.2   32.10   36.47   25.23   21.56   20.69   18.13   17.72   14.20
2013 05 13 17 20   870.5   5.6  152.  28.84    14.   457.7    0.2   32.52   36.87   25.50   21.74   20.84   18.20   17.71   14.19
2013 05 13 17 25   870.4   6.5  147.  28.76    14.   464.7    0.2   32.89   37.19   25.76   21.92   20.99   18.27   17.70   14.19
2013 05 13 17 30   870.4   5.5  146.  29.16    14.   470.0    0.2   33.25   37.46   26.01   22.09   21.14   18.34   17.70   14.19
2013 05 13 17 35   870.4   3.6  189.  29.35    14.   475.1    0.2   33.65   37.84   26.30   22.29   21.32   18.44   17.72   14.22
2013 05 13 17 40   870.4   2.8  189.  29.13    14.   472.6    0.2   34.01   38.21   26.60   22.47   21.48   18.52   17.72   14.22
2013 05 13 17 45   870.4   1.9  230.  28.90    14.   477.5    0.2   34.50   38.71   26.91   22.65   21.63   18.59   17.72   14.21
2013 05 13 17 50   870.4   2.6  251.  28.77    14.   478.3    0.2   35.05   39.15   27.23   22.83   21.78   18.66   17.71   14.21
2013 05 13 17 55   870.4   1.5  244.  29.26    14.   480.1    0.2   35.77   39.55   27.56   23.01   21.91   18.72   17.69   14.18
2013 05 13 18 00   870.3   2.4  222.  29.31    14.   481.7    0.2   36.49   39.87   27.88   23.16   22.03   18.77   17.65   14.14
2013 05 13 18 05   870.2   1.9  211.  29.28    14.   487.0    0.2   37.02   40.09   28.21   23.35   22.18   18.84   17.64   14.13
2013 05 13 18 10   870.2   2.7  195.  29.47    14.   491.1    0.2   37.43   40.35   28.54   23.53   22.34   18.92   17.64   14.12
2013 05 13 18 15   870.2   2.4  201.  29.47    14.   495.2    0.2   37.74   40.43   28.87   23.72   22.50   19.02   17.65   14.13
2013 05 13 18 20   870.1   1.9  205.  29.45    14.   496.2    0.2   38.04   40.55   29.18   23.91   22.66   19.11   17.66   14.14
2013 05 13 18 25   870.1   2.7  165.  29.78    13.   498.6    0.2   38.36   40.71   29.46   24.10   22.82   19.20   17.67   14.15
2013 05 13 18 30   870.1   2.4  174.  29.86    13.   502.0    0.2   38.75   40.86   29.75   24.30   22.99   19.31   17.70   14.17
2013 05 13 18 35   870.1   1.6  166.  29.92    13.   503.7    0.2   39.14   40.99   30.02   24.51   23.16   19.42   17.73   14.19
2013 05 13 18 40   870.0   2.5  246.  30.21    13.   503.7    0.2   39.47   40.99   30.28   24.69   23.31   19.52   17.74   14.20
2013 05 13 18 45   870.0   2.4  222.  30.37    13.   509.6    0.2   39.82   40.89   30.53   24.87   23.46   19.61   17.74   14.20
2013 05 13 18 50   869.9   2.2  219.  30.18    13.   508.9    0.2   40.18   40.85   30.78   25.04   23.61   19.71   17.75   14.19
2013 05 13 18 55   869.8   2.4  180.  30.66    13.   507.3    0.2   40.56   40.88   31.02   25.21   23.76   19.81   17.76   14.19
2013 05 13 19 00   869.8   2.7  184.  30.77    13.   513.6    0.2   40.86   40.97   31.22   25.34   23.87   19.87   17.74   14.16
2013 05 13 19 05   869.7   4.1  210.  30.76    12.   522.7    0.2   41.09   41.01   31.44   25.50   24.01   19.98   17.76   14.17
2013 05 13 19 10   869.7   3.1  211.  30.65    12.   530.0    0.2   41.23   40.88   31.66   25.67   24.16   20.09   17.79   14.19
2013 05 13 19 15   869.6   1.6  244.  30.62    12.   532.5    0.2   41.33   40.83   31.85   25.82   24.31   20.21   17.81   14.20
2013 05 13 19 20   869.6   1.8  215.  30.88    12.   555.2    0.2   41.67   41.01   32.02   25.97   24.43   20.30   17.82   14.19
2013 05 13 19 25   869.5   4.0  187.  31.17    12.   538.8    0.2   42.23   41.26   32.21   26.12   24.54   20.39   17.83   14.19
2013 05 13 19 30   869.5   3.2  217.  31.05    11.   549.3    0.2   42.46   41.36   32.38   26.26   24.67   20.50   17.85   14.20
2013 05 13 19 35   869.4   2.7  212.  31.80    11.   528.7    0.2   42.58   41.43   32.56   26.40   24.80   20.62   17.88   14.21
2013 05 13 19 40   869.3   1.6  165.  31.37    11.   506.9    0.2   42.81   41.56   32.74   26.53   24.92   20.72   17.90   14.21
2013 05 13 19 45   869.2   1.1  141.  31.24    11.   550.9    0.2   43.07   41.68   32.89   26.67   25.03   20.83   17.93   14.22
2013 05 13 19 50   869.1   4.0  222.  31.42    11.   545.0    0.2   43.35   41.89   33.02   26.79   25.13   20.93   17.95   14.22
2013 05 13 19 55   869.1   4.0  215.  31.20    11.   549.9    0.2   43.56   41.98   33.15   26.92   25.23   21.04   17.98   14.23
2013 05 13 20 00   869.0   3.1  235.  31.08    11.   428.5    0.2   43.62   41.97   33.27   27.03   25.35   21.15   18.00   14.23
2013 05 13 20 05   869.0   3.3  257.  30.99    11.   499.4    0.2   43.55   41.67   33.40   27.16   25.47   21.27   18.05   14.25
2013 05 13 20 10   868.9   2.3  248.  31.42    11.   539.6    0.2   43.59   41.66   33.47   27.26   25.58   21.38   18.08   14.26
2013 05 13 20 15   868.8   6.1  208.  31.99    11.   531.1    0.2   43.96   41.92   33.52   27.36   25.66   21.48   18.09   14.26
2013 05 13 20 20   868.9   5.1  209.  31.53    11.   529.8    0.2   43.97   41.74   33.57   27.45   25.75   21.59   18.13   14.26
2013 05 13 20 25   868.9   4.4  195.  31.55    11.   546.1    0.2   43.62   41.52   33.61   27.53   25.84   21.71   18.16   14.27
2013 05 13 20 30   868.8   3.7  206.  31.59    11.   486.3    0.2   43.45   41.40   33.59   27.59   25.91   21.80   18.18   14.26
2013 05 13 20 35   868.8   1.6  137.  31.65    11.   511.7    0.2   43.38   41.28   33.60   27.67   26.00   21.92   18.23   14.29
2013 05 13 20 40   868.7   3.3  126.  31.53    11.   499.4    0.2   43.53   41.25   33.59   27.73   26.05   22.01   18.25   14.28
2013 05 13 20 45   868.5   4.0  127.  31.88    11.   497.2    0.2   43.68   41.06   33.57   27.78   26.10   22.11   18.28   14.29
2013 05 13 20 50   868.5   3.7  145.  31.64    11.   495.2    0.2   43.71   40.73   33.54   27.84   26.17   22.23   18.34   14.32
2013 05 13 20 55   868.5   2.0  158.  31.93    11.   498.4    0.2   43.70   40.35   33.48   27.87   26.22   22.31   18.36   14.31
2013 05 13 21 00   868.4   3.3  141.  32.24    11.   502.5    0.2   43.78   40.08   33.45   27.91   26.27   22.41   18.40   14.32
2013 05 13 21 05   868.4   2.3  164.  31.80    11.   512.8    0.2   43.89   39.82   33.42   27.94   26.30   22.49   18.42   14.31
2013 05 13 21 10   868.3   2.2  118.  32.26    11.   491.3    0.2   44.01   39.69   33.43   28.02   26.38   22.62   18.50   14.35
2013 05 13 21 15   868.2   5.0  213.  31.97    11.   484.9    0.2   44.21   39.52   33.44   28.06   26.41   22.70   18.53   14.36
2013 05 13 21 20   868.0   6.7  222.  32.28    11.   485.6    0.2   44.21   39.21   33.45   28.09   26.47   22.80   18.57   14.37
2013 05 13 21 25   868.1   5.0  234.  31.98    11.   466.6    0.2   43.93   38.75   33.45   28.12   26.53   22.90   18.62   14.38
2013 05 13 21 30   868.1   3.7  252.  31.73    11.   453.1    0.2   43.68   38.32   33.43   28.15   26.59   23.00   18.66   14.39
2013 05 13 21 35   868.0   4.2  225.  32.42    11.   441.4    0.2   43.66   37.87   33.37   28.17   26.63   23.09   18.71   14.41
2013 05 13 21 40   868.0   2.6  202.  32.42    11.   432.8    0.2   43.63   37.44   33.28   28.18   26.65   23.16   18.74   14.40
2013 05 13 21 45   867.9   2.0  180.  32.42    11.   421.3    0.2   43.49   37.13   33.19   28.20   26.68   23.25   18.78   14.41
2013 05 13 21 50   867.8   1.9  139.  31.85    11.   416.8    0.2   43.42   36.86   33.08   28.20   26.71   23.33   18.83   14.42
2013 05 13 21 55   867.7   1.1  245.  31.95    11.   414.8    0.2   43.34   36.54   32.97   28.20   26.72   23.41   18.87   14.44
2013 05 13 22 00   867.6   2.5  148.  32.53    11.   404.2    0.2   43.23   36.06   32.81   28.15   26.69   23.43   18.86   14.39
2013 05 13 22 05   867.5   3.6  128.  32.49    11.   396.9    0.2   43.22   35.62   32.69   28.13   26.69   23.49   18.89   14.39
2013 05 13 22 10   867.4   3.7  181.  32.09    11.   386.8    0.2   43.05   35.24   32.55   28.12   26.72   23.58   18.94   14.41
2013 05 13 22 15   867.3   5.5  216.  32.22    11.   385.9    0.2   42.75   34.89   32.40   28.10   26.74   23.65   18.99   14.42
2013 05 13 22 20   867.3   4.2  199.  32.36    11.   380.7    0.2   42.27   34.62   32.27   28.08   26.76   23.73   19.03   14.42
2013 05 13 22 25   867.2   1.9  218.  32.17    11.   369.8    0.2   41.83   34.37   32.12   28.06   26.78   23.80   19.08   14.43
2013 05 13 22 30   867.1   3.7  180.  32.46    11.   353.4    0.2   41.52   34.13   31.96   28.04   26.79   23.87   19.12   14.44
2013 05 13 22 35   867.0   3.3  157.  32.42    11.   347.7    0.2   41.26   33.86   31.78   28.01   26.79   23.92   19.16   14.45
2013 05 13 22 40   867.0   1.8  179.  32.59    11.   334.1    0.2   40.91   33.54   31.57   27.99   26.80   23.99   19.20   14.46
2013 05 13 22 45   866.9   2.0  203.  32.66    10.   323.4    0.2   40.65   33.25   31.40   27.95   26.80   24.04   19.25   14.46
2013 05 13 22 50   866.8   1.6  217.  32.60    11.   312.8    0.2   40.40   33.04   31.24   27.92   26.80   24.09   19.29   14.47
2013 05 13 22 55   866.7   5.4  238.  32.51    11.   306.6    0.2   40.16   32.85   31.06   27.89   26.79   24.13   19.32   14.46
2013 05 13 23 00   866.6   4.9  246.  32.31    11.   309.8    0.2   39.85   32.73   30.92   27.86   26.80   24.19   19.37   14.48
2013 05 13 23 05   866.6   3.9  214.  32.21    11.   299.3    0.2   39.42   32.62   30.78   27.82   26.82   24.25   19.42   14.49
2013 05 13 23 10   866.6   4.4  195.  32.47    11.   286.7    0.2   38.91   32.48   30.62   27.78   26.82   24.29   19.45   14.49
2013 05 13 23 15   866.5   2.4  189.  32.63    11.   276.6    0.2   38.33   32.35   30.45   27.74   26.83   24.34   19.50   14.50
2013 05 13 23 20   866.4   4.7  166.  32.69    10.   265.9    0.2   37.77   32.18   30.32   27.71   26.82   24.38   19.54   14.50
2013 05 13 23 25   866.4   4.5  159.  32.57    11.   262.6    0.2   37.20   31.98   30.15   27.67   26.82   24.42   19.58   14.50
2013 05 13 23 30   866.3   2.7  175.  32.55    10.   252.0    0.2   36.63   31.84   30.00   27.64   26.83   24.46   19.62   14.50
2013 05 13 23 35   866.3   3.2  228.  32.38    10.   241.1    0.2   36.05   31.77   29.90   27.60   26.83   24.50   19.66   14.50
2013 05 13 23 40   866.2   3.8  198.  32.64    10.   228.5    0.2   35.44   31.67   29.83   27.57   26.82   24.53   19.70   14.52
2013 05 13 23 45   866.1   4.8  151.  32.65    10.   220.6    0.2   34.80   31.54   29.73   27.54   26.82   24.56   19.75   14.53
2013 05 13 23 50   866.1   4.1  157.  32.43    10.   215.0    0.2   34.21   31.36   29.58   27.50   26.82   24.59   19.78   14.53
2013 05 13 23 55   866.1   2.0  137.  32.48    10.   208.1    0.2   33.73   31.19   29.44   27.46   26.81   24.61   19.82   14.52
2013 05 14 00 00   866.0   3.4  185.  32.74    10.   190.3    0.2   33.30   30.99   29.35   27.43   26.80   24.64   19.85   14.52
2013 05 14 00 05   865.9   5.7  205.  32.20    10.   -33.0    0.2   32.91   30.78   29.25   27.40   26.80   24.67   19.91   14.55
2013 05 14 00 10   865.9   3.6  183.  32.23    10.   105.6    0.2   32.55   30.57   29.13   27.37   26.84   24.71   19.97   14.57
2013 05 14 00 15   865.8   4.7  214.  31.94    11.   -39.7    0.2   32.26   30.41   29.04   27.34   26.86   24.75   20.02   14.60
2013 05 14 00 20   865.8   4.8  240.  32.12    11.   123.8    0.2   31.93   30.18   28.95   27.30   26.87   24.79   20.07   14.61
2013 05 14 00 25   865.8   3.8  232.  31.91    11.    -9.9    0.2   31.62   30.05   28.85   27.26   26.85   24.79   20.10   14.60
2013 05 14 00 30   865.7   3.4  244.  31.67    11.   -33.5    0.2   31.28   29.83   28.76   27.23   26.86   24.82   20.15   14.62
2013 05 14 00 35   865.7   2.6  225.  31.73    11.    32.9    0.2   30.93   29.58   28.66   27.19   26.86   24.85   20.19   14.64
2013 05 14 00 40   865.7   2.5  243.  31.70    11.    -2.4    0.2   30.59   29.38   28.54   27.16   26.84   24.86   20.23   14.64
2013 05 14 00 45   865.6   3.1  229.  31.57    11.   -33.8    0.2   30.30   29.21   28.43   27.13   26.83   24.88   20.28   14.66
2013 05 14 00 50   865.5   3.8  229.  31.61    11.    -7.1    0.2   30.00   29.03   28.31   27.08   26.82   24.89   20.31   14.66
2013 05 14 00 55   865.5   3.7  227.  31.86    11.    43.7    0.2   29.72   28.88   28.19   27.03   26.79   24.88   20.34   14.65
2013 05 14 01 00   865.4   4.3  217.  32.06    11.    65.4    0.2   29.51   28.82   28.07   26.98   26.74   24.86   20.35   14.63
2013 05 14 01 05   865.4   3.6  208.  31.71    11.   -27.0    0.2   29.36   28.80   27.96   26.94   26.69   24.85   20.37   14.62
2013 05 14 01 10   865.4   3.0  209.  31.67    11.    37.6    0.2   29.22   28.73   27.86   26.89   26.67   24.85   20.40   14.62
2013 05 14 01 15   865.4   3.0  203.  32.02    11.    79.5    0.2   29.12   28.72   27.77   26.84   26.63   24.84   20.43   14.61
2013 05 14 01 20   865.3   3.3  193.  32.24    11.    69.0   -NaN   29.04   28.78   27.68   26.79   26.58   24.82   20.44   14.59
2013 05 14 01 25   865.2   5.2  193.  32.17    11.    53.8    0.2   28.98   28.84   27.61   26.76   26.53   24.81   20.46   14.59
2013 05 14 01 30   865.2   3.4  180.  32.13    11.    43.0   -NaN   28.91   28.88   27.54   26.72   26.50   24.79   20.49   14.59
2013 05 14 01 35   865.2   3.4  178.  32.08    11.    30.9   -NaN   28.85   28.90   27.48   26.68   26.47   24.79   20.52   14.59
2013 05 14 01 40   865.2   3.9  180.  31.64    11.   -42.4   -NaN   28.77   28.84   27.44   26.65   26.46   24.79   20.56   14.60
2013 05 14 01 45   865.2   4.2  172.  31.14    12.   -49.5   -NaN   28.65   28.66   27.39   26.62   26.46   24.81   20.61   14.63
2013 05 14 01 50   865.3   3.2  173.  30.50    12.   -56.8   -NaN   28.50   28.46   27.34   26.59   26.47   24.82   20.65   14.65
2013 05 14 01 55   865.3   3.1  162.  30.17    12.   -63.7   -NaN   28.32   28.22   27.29   26.56   26.47   24.82   20.69   14.67
2013 05 14 02 00   865.2   3.1  153.  30.01    13.   -67.5   -NaN   28.08   27.93   27.22   26.53   26.46   24.83   20.73   14.69
2013 05 14 02 05   865.2   2.9  149.  29.66    13.   -66.6   -NaN   27.80   27.61   27.14   26.49   26.45   24.82   20.77   14.69
2013 05 14 02 10   865.2   2.0  161.  29.10    14.   -67.9   -NaN   27.51   27.30   27.05   26.46   26.43   24.83   20.81   14.71
2013 05 14 02 15   865.2   2.0  200.  29.08    13.   -66.6   -NaN   27.19   27.01   26.94   26.42   26.41   24.83   20.85   14.74
2013 05 14 02 20   865.2   2.6  191.  28.92    14.   -68.8   -NaN   26.84   26.70   26.81   26.35   26.36   24.81   20.86   14.73
2013 05 14 02 25   865.2   3.2  185.  28.53    14.   -74.6   -NaN   26.52   26.41   26.68   26.30   26.33   24.81   20.90   14.75
2013 05 14 02 30   865.2   3.0  184.  28.15    14.   -76.1   -NaN   26.23   26.14   26.55   26.25   26.28   24.80   20.93   14.75
2013 05 14 02 35   865.2   3.0  180.  27.90    15.   -76.3   -NaN   25.95   25.87   26.40   26.18   26.23   24.79   20.95   14.76
2013 05 14 02 40   865.2   2.8  168.  27.49    15.   -79.6   -NaN   25.65   25.58   26.26   26.11   26.18   24.78   20.99   14.78
2013 05 14 02 45   865.2   3.2  152.  27.40    14.   -80.7   -NaN   25.33   25.26   26.12   26.04   26.13   24.78   21.03   14.80
2013 05 14 02 50   865.2   3.9  140.  27.19    15.   -79.9   -NaN   25.00   24.93   25.97   25.97   26.07   24.77   21.06   14.81
2013 05 14 02 55   865.2   3.9  143.  26.58    15.   -78.9   -NaN   24.69   24.65   25.82   25.89   26.01   24.75   21.08   14.82
2013 05 14 03 00   865.2   3.9  144.  25.99    16.   -74.6   -NaN   24.41   24.39   25.67   25.81   25.94   24.73   21.10   14.82
2013 05 14 03 05   865.2   3.6  128.  25.33    17.   -68.1   -NaN   24.15   24.16   25.51   25.72   25.88   24.71   21.11   14.80
2013 05 14 03 10   865.2   4.0  136.  25.41    16.   -60.4   -NaN   23.95   23.98   25.36   25.62   25.80   24.69   21.13   14.79
2013 05 14 03 15   865.2   4.3  137.  25.48    16.   -56.4   -NaN   23.78   23.83   25.21   25.53   25.71   24.64   21.13   14.78
2013 05 14 03 20   865.3   4.0  141.  25.00    17.   -57.6   -NaN   23.66   23.72   25.08   25.44   25.61   24.61   21.14   14.77
2013 05 14 03 25   865.2   4.2  146.  25.46    16.   -63.0   -NaN   23.54   23.63   24.95   25.34   25.53   24.57   21.14   14.75
2013 05 14 03 30   865.2   3.5  135.  25.57    16.   -71.8   -NaN   23.40   23.50   24.84   25.26   25.44   24.53   21.15   14.75
2013 05 14 03 35   865.1   3.9  136.  25.59    16.   -75.5   -NaN   23.26   23.35   24.74   25.17   25.34   24.50   21.17   14.76
2013 05 14 03 40   865.1   3.5  118.  25.02    17.   -78.7   -NaN   23.09   23.17   24.62   25.09   25.26   24.47   21.19   14.76
2013 05 14 03 45   865.1   2.2  123.  25.05    16.   -77.2   -NaN   22.93   23.03   24.51   25.01   25.18   24.42   21.20   14.76
2013 05 14 03 50   865.1   1.9  133.  25.45    15.   -72.5   -NaN   22.76   22.89   24.40   24.92   25.11   24.38   21.20   14.75
2013 05 14 03 55   865.1   1.6  197.  26.14    15.   -69.0   -NaN   22.57   22.74   24.29   24.84   25.05   24.35   21.21   14.75
2013 05 14 04 00   865.2   1.6  168.  26.49    14.   -63.1   -NaN   22.37   22.59   24.18   24.76   24.97   24.32   21.22   14.76
2013 05 14 04 05   865.2   1.5  163.  25.97    15.   -57.5   -NaN   22.19   22.44   24.06   24.68   24.88   24.29   21.26   14.79
2013 05 14 04 10   865.3   0.4  297.  25.14    16.   -54.1   -NaN   22.03   22.29   23.95   24.60   24.80   24.27   21.30   14.80
2013 05 14 04 15   865.4   2.1  336.  24.69    16.   -56.2   -NaN   21.89   22.17   23.84   24.51   24.72   24.25   21.32   14.81
2013 05 14 04 20   865.5   5.1  344.  25.89    15.   -63.8   -NaN   21.80   22.10   23.74   24.43   24.65   24.21   21.32   14.80
2013 05 14 04 25   865.7   3.1  332.  25.50    16.   -70.1   -NaN   21.77   22.12   23.64   24.34   24.56   24.16   21.33   14.80
2013 05 14 04 30   865.6   0.8  348.  24.17    17.   -71.4   -NaN   21.74   22.06   23.55   24.26   24.48   24.12   21.34   14.81
2013 05 14 04 35   865.6   0.7   14.  24.42    16.   -70.7   -NaN   21.60   21.87   23.45   24.17   24.38   24.05   21.33   14.80
2013 05 14 04 40   865.6   1.1   35.  25.15    16.   -70.6   -NaN   21.44   21.68   23.37   24.10   24.31   24.02   21.35   14.81
2013 05 14 04 45   865.6   0.9   27.  24.80    16.   -69.7   -NaN   21.26   21.48   23.28   24.03   24.24   23.98   21.36   14.82
2013 05 14 04 50   865.6   1.1   62.  26.46    14.   -67.0   -NaN   21.07   21.28   23.18   23.96   24.18   23.95   21.38   14.83
2013 05 14 04 55   865.5   1.6   73.  27.02    14.   -64.7   -NaN   20.89   21.09   23.07   23.88   24.11   23.91   21.39   14.84
2013 05 14 05 00   865.5   1.3   90.  24.72    16.   -63.0   -NaN   20.72   20.92   22.96   23.81   24.03   23.88   21.40   14.85
2013 05 14 05 05   865.5   1.6  122.  23.92    17.   -57.9   -NaN   20.56   20.76   22.85   23.73   23.96   23.83   21.39   14.84
2013 05 14 05 10   865.5   1.9  137.  25.30    15.   -56.4   -NaN   20.43   20.65   22.74   23.66   23.88   23.79   21.40   14.85
2013 05 14 05 15   865.4   3.1  156.  25.13    15.   -59.1   -NaN   20.32   20.56   22.63   23.58   23.81   23.75   21.40   14.85
2013 05 14 05 20   865.4   2.8  146.  25.91    14.   -63.4   -NaN   20.22   20.48   22.53   23.50   23.72   23.69   21.39   14.84
2013 05 14 05 25   865.4   2.6  139.  25.56    15.   -64.5   -NaN   20.14   20.40   22.44   23.42   23.64   23.63   21.38   14.82
2013 05 14 05 30   865.3   3.0  124.  23.77    18.   -64.8   -NaN   20.05   20.31   22.34   23.34   23.56   23.58   21.37   14.81
2013 05 14 05 35   865.3   3.3  128.  22.50    19.   -63.9   -NaN   19.93   20.19   22.25   23.26   23.50   23.54   21.36   14.81
2013 05 14 05 40   865.3   2.7  137.  21.82    20.   -61.8   -NaN   19.80   20.08   22.16   23.18   23.43   23.50   21.37   14.81
2013 05 14 05 45   865.3   2.9  139.  21.82    20.   -61.4   -NaN   19.65   19.92   22.06   23.10   23.37   23.47   21.38   14.83
2013 05 14 05 50   865.3   2.7  145.  21.71    21.   -61.5   -NaN   19.49   19.75   21.98   23.04   23.30   23.44   21.41   14.86
2013 05 14 05 55   865.3   2.9  148.  21.41    21.   -60.8   -NaN   19.34   19.57   21.89   22.97   23.23   23.41   21.43   14.88
2013 05 14 06 00   865.3   3.3  154.  21.25    22.   -58.6   -NaN   19.19   19.39   21.79   22.90   23.16   23.38   21.45   14.90
2013 05 14 06 05   865.4   3.1  163.  20.80    22.   -61.1   -NaN   19.03   19.24   21.66   22.80   23.08   23.33   21.43   14.88
2013 05 14 06 10   865.5   3.1  193.  20.02    23.   -64.5   -NaN   18.92   19.14   21.55   22.72   23.00   23.27   21.42   14.89
2013 05 14 06 15   865.5   2.9  201.  19.75    24.   -67.4   -NaN   18.84   19.06   21.45   22.64   22.92   23.21   21.40   14.86
2013 05 14 06 20   865.5   3.1  219.  19.88    24.   -67.3   -NaN   18.74   18.98   21.36   22.56   22.84   23.16   21.39   14.86
2013 05 14 06 25   865.6   2.7  254.  19.96    23.   -68.8   -NaN   18.65   18.89   21.27   22.48   22.76   23.11   21.38   14.85
2013 05 14 06 30   865.6   1.5  250.  21.46    21.   -69.7   -NaN   18.58   18.82   21.19   22.41   22.70   23.06   21.38   14.85
2013 05 14 06 35   865.6   0.8  239.  22.15    20.   -65.5   -NaN   18.48   18.74   21.12   22.35   22.64   23.03   21.39   14.88
2013 05 14 06 40   865.6   1.1  219.  22.58    19.   -62.4   -NaN   18.37   18.63   21.04   22.28   22.57   23.00   21.40   14.89
2013 05 14 06 45   865.6   1.1  236.  22.29    20.   -61.4   -NaN   18.25   18.51   20.96   22.21   22.51   22.96   21.41   14.90
2013 05 14 06 50   865.6   1.2  258.  22.44    19.   -58.3   -NaN   18.11   18.36   20.86   22.13   22.43   22.91   21.39   14.91
2013 05 14 06 55   865.6   2.2  274.  23.24    19.   -58.6   -NaN   17.99   18.24   20.76   22.06   22.36   22.86   21.39   14.90
2013 05 14 07 00   865.6   3.1  279.  23.16    19.   -59.7   -NaN   17.89   18.14   20.68   21.98   22.29   22.82   21.39   14.91
2013 05 14 07 05   865.7   3.5  291.  23.13    19.   -59.2   -NaN   17.79   18.05   20.60   21.91   22.22   22.77   21.39   14.91
2013 05 14 07 10   865.7   3.6  303.  22.07    21.   -61.2   -NaN   17.69   17.97   20.51   21.85   22.15   22.73   21.38   14.92
2013 05 14 07 15   865.7   3.6  306.  21.30    23.   -63.6   -NaN   17.61   17.89   20.43   21.77   22.08   22.68   21.38   14.93
2013 05 14 07 20   865.7   3.6  310.  21.37    23.   -67.3   -NaN   17.52   17.86   20.35   21.70   22.00   22.63   21.36   14.92
2013 05 14 07 25   865.7   4.2  310.  22.06    21.   -69.4   -NaN   17.48   17.88   20.28   21.63   21.93   22.58   21.34   14.91
2013 05 14 07 30   865.8   4.0  316.  22.06    21.   -70.9   -NaN   17.46   17.94   20.21   21.55   21.85   22.51   21.32   14.88
2013 05 14 07 35   865.8   4.1  330.  21.67    22.   -71.2   -NaN   17.47   17.99   20.15   21.47   21.77   22.46   21.29   14.86
2013 05 14 07 40   865.8   4.2  328.  21.29    23.   -70.8   -NaN   17.48   18.02   20.10   21.40   21.71   22.41   21.28   14.86
2013 05 14 07 45   865.8   5.0  328.  21.58    22.   -72.4   -NaN   17.48   18.03   20.05   21.33   21.64   22.35   21.26   14.85
2013 05 14 07 50   865.8   4.7  332.  21.58    22.   -73.9   -NaN   17.50   18.08   20.00   21.27   21.58   22.30   21.25   14.84
2013 05 14 07 55   865.8   4.3  328.  21.26    23.   -73.5   -NaN   17.54   18.12   19.96   21.21   21.52   22.25   21.22   14.83
2013 05 14 08 00   865.7   4.7  321.  21.28    23.   -73.4   -NaN   17.56   18.12   19.93   21.16   21.46   22.20   21.22   14.84
2013 05 14 08 05   865.7   4.7  319.  21.38    22.   -73.7   -NaN   17.55   18.13   19.89   21.10   21.40   22.15   21.20   14.83
2013 05 14 08 10   865.7   3.8  324.  21.19    23.   -72.3   -NaN   17.56   18.12   19.86   21.05   21.35   22.11   21.19   14.83
2013 05 14 08 15   865.7   2.9  318.  20.95    23.   -69.3   -NaN   17.52   18.05   19.84   21.01   21.31   22.07   21.18   14.85
2013 05 14 08 20   865.8   1.0   42.  20.36    24.   -65.9   -NaN   17.45   17.93   19.82   20.98   21.27   22.04   21.19   14.88
2013 05 14 08 25   865.9   2.6  117.  18.51    27.   -69.8   -NaN   17.33   17.73   19.78   20.94   21.23   22.00   21.19   14.90
2013 05 14 08 30   866.0   2.3  128.  18.42    27.   -70.9   -NaN   17.21   17.53   19.72   20.90   21.18   21.95   21.18   14.90
2013 05 14 08 35   866.0   1.9  191.  19.94    25.   -68.9   -NaN   17.10   17.38   19.64   20.85   21.13   21.90   21.16   14.90
2013 05 14 08 40   866.0   2.5  164.  18.17    28.   -67.8   -NaN   17.01   17.29   19.57   20.80   21.09   21.86   21.14   14.89
2013 05 14 08 45   866.0   0.9  174.  19.75    25.   -65.0   -NaN   16.91   17.17   19.51   20.75   21.05   21.82   21.13   14.89
2013 05 14 08 50   866.1   0.6  247.  20.73    23.   -60.5   -NaN   16.80   17.05   19.44   20.70   21.00   21.79   21.13   14.90
2013 05 14 08 55   866.0   1.2  223.  20.55    23.   -59.4   -NaN   16.66   16.93   19.36   20.65   20.96   21.76   21.13   14.92
2013 05 14 09 00   866.0   0.8  187.  19.66    25.   -59.8   -NaN   16.53   16.80   19.28   20.60   20.91   21.73   21.13   14.94
2013 05 14 09 05   866.1   0.6  219.  18.67    27.   -62.0   -NaN   16.39   16.65   19.20   20.54   20.87   21.70   21.12   14.95
2013 05 14 09 10   866.1   0.4  215.  18.62    27.   -59.8   -NaN   16.27   16.52   19.12   20.48   20.83   21.68   21.12   14.97
2013 05 14 09 15   866.1   1.2  247.  18.90    27.   -58.2   -NaN   16.15   16.40   19.05   20.43   20.77   21.63   21.12   14.99
2013 05 14 09 20   866.1   1.2  240.  19.05    26.   -56.7   -NaN   16.03   16.29   18.97   20.38   20.72   21.60   21.11   15.00
2013 05 14 09 25   866.1   1.5  234.  19.04    26.   -56.0   -NaN   15.92   16.17   18.89   20.32   20.67   21.57   21.11   15.01
2013 05 14 09 30   866.1   1.5  236.  19.04    26.   -54.8   -NaN   15.81   16.05   18.81   20.26   20.61   21.53   21.10   15.02
2013 05 14 09 35   866.1   1.8  245.  19.12    26.   -54.5   -NaN   15.71   15.94   18.73   20.20   20.55   21.49   21.09   15.03
2013 05 14 09 40   866.1   2.5  250.  19.12    26.   -54.6   -NaN   15.59   15.82   18.64   20.12   20.47   21.44   21.06   15.00
2013 05 14 09 45   866.1   2.5  250.  19.27    26.   -53.9   -NaN   15.50   15.72   18.56   20.06   20.41   21.39   21.04   15.00
2013 05 14 09 50   866.2   2.6  247.  19.21    26.   -53.9   -NaN   15.41   15.62   18.48   20.00   20.35   21.36   21.03   15.01
2013 05 14 09 55   866.1   2.9  253.  19.07    26.   -53.4   -NaN   15.33   15.52   18.41   19.93   20.29   21.32   21.02   15.01
2013 05 14 10 00   866.2   2.8  260.  19.02    26.   -53.2   -NaN   15.25   15.42   18.33   19.87   20.23   21.27   21.00   15.01
2013 05 14 10 05   866.2   2.7  256.  19.09    26.   -53.1   -NaN   15.16   15.34   18.25   19.80   20.16   21.23   20.98   15.01
2013 05 14 10 10   866.2   2.4  254.  19.12    25.   -53.1   -NaN   15.09   15.26   18.17   19.74   20.10   21.19   20.97   15.01
2013 05 14 10 15   866.2   1.9  257.  19.43    25.   -52.2   -NaN   15.02   15.20   18.11   19.68   20.05   21.15   20.95   15.01
2013 05 14 10 20   866.3   1.7  254.  19.43    25.   -52.1   -NaN   14.95   15.13   18.03   19.62   19.98   21.10   20.94   15.02
2013 05 14 10 25   866.3   1.9  262.  19.05    25.   -52.1   -NaN   14.88   15.06   17.97   19.56   19.92   21.06   20.92   15.02
2013 05 14 10 30   866.4   1.8  295.  18.76    26.   -52.8   -NaN   14.81   15.00   17.90   19.50   19.86   21.02   20.90   15.02
2013 05 14 10 35   866.5   2.4   11.  17.28    29.   -56.4   -NaN   14.75   14.94   17.84   19.43   19.80   20.97   20.89   15.02
2013 05 14 10 40   866.8   4.4   18.  14.48    35.   -64.1   -NaN   14.72   14.87   17.79   19.37   19.73   20.92   20.86   15.01
2013 05 14 10 45   866.8   3.0   11.  14.17    35.   -66.7   -NaN   14.72   14.80   17.74   19.29   19.67   20.87   20.83   14.99
2013 05 14 10 50   866.8   2.2   11.  14.07    36.   -64.5   -NaN   14.71   14.77   17.67   19.21   19.60   20.80   20.78   14.95
2013 05 14 10 55   866.8   2.9  354.  13.87    37.   -63.2   -NaN   14.68   14.72   17.61   19.15   19.55   20.77   20.77   14.95
2013 05 14 11 00   866.8   2.8  350.  14.14    37.   -60.9   -NaN   14.59   14.64   17.54   19.09   19.51   20.74   20.77   14.96
2013 05 14 11 05   866.9   2.8  346.  14.48    37.   -60.0   -NaN   14.48   14.56   17.47   19.04   19.46   20.71   20.76   14.96
2013 05 14 11 10   866.9   2.8  343.  14.60    38.   -59.1   -NaN   14.38   14.45   17.42   19.00   19.41   20.67   20.75   14.99
2013 05 14 11 15   866.9   4.0  333.  14.62    38.   -58.8   -NaN   14.27   14.34   17.36   18.96   19.35   20.63   20.74   15.02
2013 05 14 11 20   866.9   4.8  330.  14.42    38.   -59.5   -NaN   14.17   14.25   17.30   18.91   19.30   20.59   20.73   15.03
2013 05 14 11 25   866.9   4.8  324.  14.94    37.   -62.8   -NaN   14.09   14.19   17.22   18.86   19.24   20.55   20.72   15.03
2013 05 14 11 30   866.8   4.8  306.  15.03    37.   -64.9   -NaN   14.06   14.21   17.15   18.79   19.18   20.49   20.69   15.03
2013 05 14 11 35   866.8   4.7  294.  14.75    37.   -66.2   -NaN   14.05   14.25   17.10   18.73   19.12   20.45   20.66   15.02
2013 05 14 11 40   866.8   5.1  295.  14.79    37.   -67.3   -NaN   14.04   14.26   17.04   18.66   19.05   20.39   20.62   14.99
2013 05 14 11 45   866.7   5.9  295.  15.26    36.   -68.6   -NaN   14.03   14.30   17.00   18.61   18.99   20.34   20.59   14.98
2013 05 14 11 50   866.8   6.0  298.  15.85    35.   -70.6   -NaN   14.04   14.36   16.95   18.55   18.93   20.28   20.55   14.96
2013 05 14 11 55   866.8   5.7  300.  16.26    34.   -71.7   -NaN   14.07   14.45   16.91   18.50   18.86   20.21   20.51   14.93
2013 05 14 12 00   866.8   5.8  304.  16.70    34.   -72.6   -NaN   14.12   14.55   16.88   18.44   18.80   20.16   20.47   14.92