0.000000E+00	-6.357000E+01
6.000000E+01	-6.340033E+01
1.200000E+02	-6.323067E+01
1.800000E+02	-6.306100E+01
2.400000E+02	-6.289133E+01
3.000000E+02	-6.272167E+01
3.600000E+02	-6.255200E+01
4.200000E+02	-6.238233E+01
4.800000E+02	-6.221267E+01
5.400000E+02	-6.204300E+01
6.000000E+02	-6.187333E+01
6.600000E+02	-6.170367E+01
7.200000E+02	-6.153400E+01
7.800000E+02	-6.136433E+01
8.400000E+02	-6.119467E+01
9.000000E+02	-6.102500E+01
9.600000E+02	-6.085533E+01
1.020000E+03	-6.068567E+01
1.080000E+03	-6.051600E+01
1.140000E+03	-6.034633E+01
1.200000E+03	-6.017667E+01
1.260000E+03	-6.000700E+01
1.320000E+03	-5.983733E+01
1.380000E+03	-5.966767E+01
1.440000E+03	-5.949800E+01
1.500000E+03	-5.932833E+01
1.560000E+03	-5.915867E+01
1.620000E+03	-5.898900E+01
1.680000E+03	-5.881933E+01
1.740000E+03	-5.864967E+01
1.800000E+03	-5.848000E+01
1.860000E+03	-5.836333E+01
1.920000E+03	-5.824667E+01
1.980000E+03	-5.813000E+01
2.040000E+03	-5.801333E+01
2.100000E+03	-5.789667E+01
2.160000E+03	-5.778000E+01
2.220000E+03	-5.766333E+01
2.280000E+03	-5.754667E+01
2.340000E+03	-5.743000E+01
2.400000E+03	-5.731333E+01
2.460000E+03	-5.719667E+01
2.520000E+03	-5.708000E+01
2.580000E+03	-5.696333E+01
2.640000E+03	-5.684667E+01
2.700000E+03	-5.673000E+01
2.760000E+03	-5.661333E+01
2.820000E+03	-5.649667E+01
2.880000E+03	-5.638000E+01
2.940000E+03	-5.626333E+01
3.000000E+03	-5.614667E+01
3.060000E+03	-5.603000E+01
3.120000E+03	-5.591333E+01
3.180000E+03	-5.579667E+01
3.240000E+03	-5.568000E+01
3.300000E+03	-5.556333E+01
3.360000E+03	-5.544667E+01
3.420000E+03	-5.533000E+01
3.480000E+03	-5.521333E+01
3.540000E+03	-5.509667E+01
3.600000E+03	-5.498000E+01
3.660000E+03	-5.504800E+01
3.720000E+03	-5.511600E+01
3.780000E+03	-5.518400E+01
3.840000E+03	-5.525200E+01
3.900000E+03	-5.532000E+01
3.960000E+03	-5.538800E+01
4.020000E+03	-5.545600E+01
4.080000E+03	-5.552400E+01
4.140000E+03	-5.559200E+01
4.200000E+03	-5.566000E+01
4.260000E+03	-5.572800E+01
4.320000E+03	-5.579600E+01
4.380000E+03	-5.586400E+01
4.440000E+03	-5.593200E+01
4.500000E+03	-5.600000E+01
4.560000E+03	-5.606800E+01
4.620000E+03	-5.613600E+01
4.680000E+03	-5.620400E+01
4.740000E+03	-5.627200E+01
4.800000E+03	-5.634000E+01
4.860000E+03	-5.640800E+01
4.920000E+03	-5.647600E+01
4.980000E+03	-5.654400E+01
5.040000E+03	-5.661200E+01
5.100000E+03	-5.668000E+01
5.160000E+03	-5.674800E+01
5.220000E+03	-5.681600E+01
5.280000E+03	-5.688400E+01
5.340000E+03	-5.695200E+01
5.400000E+03	-5.702000E+01
5.460000E+03	-5.699933E+01
5.520000E+03	-5.697867E+01
5.580000E+03	-5.695800E+01
5.640000E+03	-5.693733E+01
5.700000E+03	-5.691667E+01
5.760000E+03	-5.689600E+01
5.820000E+03	-5.687533E+01
5.880000E+03	-5.685467E+01
5.940000E+03	-5.683400E+01
6.000000E+03	-5.681333E+01
6.060000E+03	-5.679267E+01
6.120000E+03	-5.677200E+01
6.180000E+03	-5.675133E+01
6.240000E+03	-5.673067E+01
6.300000E+03	-5.671000E+01
6.360000E+03	-5.668933E+01
6.420000E+03	-5.666867E+01
6.480000E+03	-5.664800E+01
6.540000E+03	-5.662733E+01
6.600000E+03	-5.660667E+01
6.660000E+03	-5.658600E+01
6.720000E+03	-5.656533E+01
6.780000E+03	-5.654467E+01
6.840000E+03	-5.652400E+01
6.900000E+03	-5.650333E+01
6.960000E+03	-5.648267E+01
7.020000E+03	-5.646200E+01
7.080000E+03	-5.644133E+01
7.140000E+03	-5.642067E+01
7.200000E+03	-5.640000E+01
7.260000E+03	-5.633667E+01
7.320000E+03	-5.627333E+01
7.380000E+03	-5.621000E+01
7.440000E+03	-5.614667E+01
7.500000E+03	-5.608333E+01
7.560000E+03	-5.602000E+01
7.620000E+03	-5.595667E+01
7.680000E+03	-5.589333E+01
7.740000E+03	-5.583000E+01
7.800000E+03	-5.576667E+01
7.860000E+03	-5.570333E+01
7.920000E+03	-5.564000E+01
7.980000E+03	-5.557667E+01
8.040000E+03	-5.551333E+01
8.100000E+03	-5.545000E+01
8.160000E+03	-5.538667E+01
8.220000E+03	-5.532333E+01
8.280000E+03	-5.526000E+01
8.340000E+03	-5.519667E+01
8.400000E+03	-5.513333E+01
8.460000E+03	-5.507000E+01
8.520000E+03	-5.500667E+01
8.580000E+03	-5.494333E+01
8.640000E+03	-5.488000E+01
8.700000E+03	-5.481667E+01
8.760000E+03	-5.475333E+01
8.820000E+03	-5.469000E+01
8.880000E+03	-5.462667E+01
8.940000E+03	-5.456333E+01
9.000000E+03	-5.450000E+01
9.060000E+03	-5.440200E+01
9.120000E+03	-5.430400E+01
9.180000E+03	-5.420600E+01
9.240000E+03	-5.410800E+01
9.300000E+03	-5.401000E+01
9.360000E+03	-5.391200E+01
9.420000E+03	-5.381400E+01
9.480000E+03	-5.371600E+01
9.540000E+03	-5.361800E+01
9.600000E+03	-5.352000E+01
9.660000E+03	-5.342200E+01
9.720000E+03	-5.332400E+01
9.780000E+03	-5.322600E+01
9.840000E+03	-5.312800E+01
9.900000E+03	-5.303000E+01
9.960000E+03	-5.293200E+01
1.002000E+04	-5.283400E+01
1.008000E+04	-5.273600E+01
1.014000E+04	-5.263800E+01
1.020000E+04	-5.254000E+01
1.026000E+04	-5.244200E+01
1.032000E+04	-5.234400E+01
1.038000E+04	-5.224600E+01
1.044000E+04	-5.214800E+01
1.050000E+04	-5.205000E+01
1.056000E+04	-5.195200E+01
1.062000E+04	-5.185400E+01
1.068000E+04	-5.175600E+01
1.074000E+04	-5.165800E+01
1.080000E+04	-5.156000E+01
1.086000E+04	-5.152133E+01
1.092000E+04	-5.148267E+01
1.098000E+04	-5.144400E+01
1.104000E+04	-5.140533E+01
1.110000E+04	-5.136667E+01
1.116000E+04	-5.132800E+01
1.122000E+04	-5.128933E+01
1.128000E+04	-5.125067E+01
1.134000E+04	-5.121200E+01
1.140000E+04	-5.117333E+01
1.146000E+04	-5.113467E+01
1.152000E+04	-5.109600E+01
1.158000E+04	-5.105733E+01
1.164000E+04	-5.101867E+01
1.170000E+04	-5.098000E+01
1.176000E+04	-5.094133E+01
1.182000E+04	-5.090267E+01
1.188000E+04	-5.086400E+01
1.194000E+04	-5.082533E+01
1.200000E+04	-5.078667E+01
1.206000E+04	-5.074800E+01
1.212000E+04	-5.070933E+01
1.218000E+04	-5.067067E+01
1.224000E+04	-5.063200E+01
1.230000E+04	-5.059333E+01
1.236000E+04	-5.055467E+01
1.242000E+04	-5.051600E+01
1.248000E+04	-5.047733E+01
1.254000E+04	-5.043867E+01
1.260000E+04	-5.040000E+01
1.266000E+04	-5.036567E+01
1.272000E+04	-5.033133E+01
1.278000E+04	-5.029700E+01
1.284000E+04	-5.026267E+01
1.290000E+04	-5.022833E+01
1.296000E+04	-5.019400E+01
1.302000E+04	-5.015967E+01
1.308000E+04	-5.012533E+01
1.314000E+04	-5.009100E+01
1.320000E+04	-5.005667E+01
1.326000E+04	-5.002233E+01
1.332000E+04	-4.998800E+01
1.338000E+04	-4.995367E+01
1.344000E+04	-4.991933E+01
1.350000E+04	-4.988500E+01
1.356000E+04	-4.985067E+01
1.362000E+04	-4.981633E+01
1.368000E+04	-4.978200E+01
1.374000E+04	-4.974767E+01
1.380000E+04	-4.971333E+01
1.386000E+04	-4.967900E+01
1.392000E+04	-4.964467E+01
1.398000E+04	-4.961033E+01
1.404000E+04	-4.957600E+01
1.410000E+04	-4.954167E+01
1.416000E+04	-4.950733E+01
1.422000E+04	-4.947300E+01
1.428000E+04	-4.943867E+01
1.434000E+04	-4.940433E+01
1.440000E+04	-4.937000E+01
1.446000E+04	-4.935633E+01
1.452000E+04	-4.934267E+01
1.458000E+04	-4.932900E+01
1.464000E+04	-4.931533E+01
1.470000E+04	-4.930167E+01
1.476000E+04	-4.928800E+01
1.482000E+04	-4.927433E+01
1.488000E+04	-4.926067E+01
1.494000E+04	-4.924700E+01
1.500000E+04	-4.923333E+01
1.506000E+04	-4.921967E+01
1.512000E+04	-4.920600E+01
1.518000E+04	-4.919233E+01
1.524000E+04	-4.917867E+01
1.530000E+04	-4.916500E+01
1.536000E+04	-4.915133E+01
1.542000E+04	-4.913767E+01
1.548000E+04	-4.912400E+01
1.554000E+04	-4.911033E+01
1.560000E+04	-4.909667E+01
1.566000E+04	-4.908300E+01
1.572000E+04	-4.906933E+01
1.578000E+04	-4.905567E+01
1.584000E+04	-4.904200E+01
1.590000E+04	-4.902833E+01
1.596000E+04	-4.901467E+01
1.602000E+04	-4.900100E+01
1.608000E+04	-4.898733E+01
1.614000E+04	-4.897367E+01
1.620000E+04	-4.896000E+01
1.626000E+04	-4.890133E+01
1.632000E+04	-4.884267E+01
1.638000E+04	-4.878400E+01
1.644000E+04	-4.872533E+01
1.650000E+04	-4.866667E+01
1.656000E+04	-4.860800E+01
1.662000E+04	-4.854933E+01
1.668000E+04	-4.849067E+01
1.674000E+04	-4.843200E+01
1.680000E+04	-4.837333E+01
1.686000E+04	-4.831467E+01
1.692000E+04	-4.825600E+01
1.698000E+04	-4.819733E+01
1.704000E+04	-4.813867E+01
1.710000E+04	-4.808000E+01
1.716000E+04	-4.802133E+01
1.722000E+04	-4.796267E+01
1.728000E+04	-4.790400E+01
1.734000E+04	-4.784533E+01
1.740000E+04	-4.778667E+01
1.746000E+04	-4.772800E+01
1.752000E+04	-4.766933E+01
1.758000E+04	-4.761067E+01
1.764000E+04	-4.755200E+01
1.770000E+04	-4.749333E+01
1.776000E+04	-4.743467E+01
1.782000E+04	-4.737600E+01
1.788000E+04	-4.731733E+01
1.794000E+04	-4.725867E+01
1.800000E+04	-4.720000E+01
1.806000E+04	-4.718333E+01
1.812000E+04	-4.716667E+01
1.818000E+04	-4.715000E+01
1.824000E+04	-4.713333E+01
1.830000E+04	-4.711667E+01
1.836000E+04	-4.710000E+01
1.842000E+04	-4.708333E+01
1.848000E+04	-4.706667E+01
1.854000E+04	-4.705000E+01
1.860000E+04	-4.703333E+01
1.866000E+04	-4.701667E+01
1.872000E+04	-4.700000E+01
1.878000E+04	-4.698333E+01
1.884000E+04	-4.696667E+01
1.890000E+04	-4.695000E+01
1.896000E+04	-4.693333E+01
1.902000E+04	-4.691667E+01
1.908000E+04	-4.690000E+01
1.914000E+04	-4.688333E+01
1.920000E+04	-4.686667E+01
1.926000E+04	-4.685000E+01
1.932000E+04	-4.683333E+01
1.938000E+04	-4.681667E+01
1.944000E+04	-4.680000E+01
1.950000E+04	-4.678333E+01
1.956000E+04	-4.676667E+01
1.962000E+04	-4.675000E+01
1.968000E+04	-4.673333E+01
1.974000E+04	-4.671667E+01
1.980000E+04	-4.670000E+01
1.986000E+04	-4.665300E+01
1.992000E+04	-4.660600E+01
1.998000E+04	-4.655900E+01
2.004000E+04	-4.651200E+01
2.010000E+04	-4.646500E+01
2.016000E+04	-4.641800E+01
2.022000E+04	-4.637100E+01
2.028000E+04	-4.632400E+01
2.034000E+04	-4.627700E+01
2.040000E+04	-4.623000E+01
2.046000E+04	-4.618300E+01
2.052000E+04	-4.613600E+01
2.058000E+04	-4.608900E+01
2.064000E+04	-4.604200E+01
2.070000E+04	-4.599500E+01
2.076000E+04	-4.594800E+01
2.082000E+04	-4.590100E+01
2.088000E+04	-4.585400E+01
2.094000E+04	-4.580700E+01
2.100000E+04	-4.576000E+01
2.106000E+04	-4.571300E+01
2.112000E+04	-4.566600E+01
2.118000E+04	-4.561900E+01
2.124000E+04	-4.557200E+01
2.130000E+04	-4.552500E+01
2.136000E+04	-4.547800E+01
2.142000E+04	-4.543100E+01
2.148000E+04	-4.538400E+01
2.154000E+04	-4.533700E+01
2.160000E+04	-4.529000E+01
2.166000E+04	-4.524133E+01
2.172000E+04	-4.519267E+01
2.178000E+04	-4.514400E+01
2.184000E+04	-4.509533E+01
2.190000E+04	-4.504667E+01
2.196000E+04	-4.499800E+01
2.202000E+04	-4.494933E+01
2.208000E+04	-4.490067E+01
2.214000E+04	-4.485200E+01
2.220000E+04	-4.480333E+01
2.226000E+04	-4.475467E+01
2.232000E+04	-4.470600E+01
2.238000E+04	-4.465733E+01
2.244000E+04	-4.460867E+01
2.250000E+04	-4.456000E+01
2.256000E+04	-4.451133E+01
2.262000E+04	-4.446267E+01
2.268000E+04	-4.441400E+01
2.274000E+04	-4.436533E+01
2.280000E+04	-4.431667E+01
2.286000E+04	-4.426800E+01
2.292000E+04	-4.421933E+01
2.298000E+04	-4.417067E+01
2.304000E+04	-4.412200E+01
2.310000E+04	-4.407334E+01
2.316000E+04	-4.402467E+01
2.322000E+04	-4.397600E+01
2.328000E+04	-4.392734E+01
2.334000E+04	-4.387867E+01
2.340000E+04	-4.383000E+01
2.346000E+04	-4.393700E+01
2.352000E+04	-4.404400E+01
2.358000E+04	-4.415100E+01
2.364000E+04	-4.425800E+01
2.370000E+04	-4.436500E+01
2.376000E+04	-4.447200E+01
2.382000E+04	-4.457900E+01
2.388000E+04	-4.468600E+01
2.394000E+04	-4.479300E+01
2.400000E+04	-4.490000E+01
2.406000E+04	-4.500700E+01
2.412000E+04	-4.511400E+01
2.418000E+04	-4.522100E+01
2.424000E+04	-4.532800E+01
2.430000E+04	-4.543500E+01
2.436000E+04	-4.554200E+01
2.442000E+04	-4.564900E+01
2.448000E+04	-4.575600E+01
2.454000E+04	-4.586300E+01
2.460000E+04	-4.597000E+01
2.466000E+04	-4.607700E+01
2.472000E+04	-4.618400E+01
2.478000E+04	-4.629100E+01
2.484000E+04	-4.639800E+01
2.490000E+04	-4.650500E+01
2.496000E+04	-4.661200E+01
2.502000E+04	-4.671900E+01
2.508000E+04	-4.682600E+01
2.514000E+04	-4.693300E+01
2.520000E+04	-4.704000E+01
2.526000E+04	-4.717967E+01
2.532000E+04	-4.731933E+01
2.538000E+04	-4.745900E+01
2.544000E+04	-4.759867E+01
2.550000E+04	-4.773833E+01
2.556000E+04	-4.787800E+01
2.562000E+04	-4.801767E+01
2.568000E+04	-4.815733E+01
2.574000E+04	-4.829700E+01
2.580000E+04	-4.843667E+01
2.586000E+04	-4.857633E+01
2.592000E+04	-4.871600E+01
2.598000E+04	-4.885567E+01
2.604000E+04	-4.899533E+01
2.610000E+04	-4.913500E+01
2.616000E+04	-4.927467E+01
2.622000E+04	-4.941433E+01
2.628000E+04	-4.955400E+01
2.634000E+04	-4.969367E+01
2.640000E+04	-4.983333E+01
2.646000E+04	-4.997300E+01
2.652000E+04	-5.011267E+01
2.658000E+04	-5.025233E+01
2.664000E+04	-5.039200E+01
2.670000E+04	-5.053167E+01
2.676000E+04	-5.067133E+01
2.682000E+04	-5.081100E+01
2.688000E+04	-5.095067E+01
2.694000E+04	-5.109033E+01
2.700000E+04	-5.123000E+01
2.706000E+04	-5.129400E+01
2.712000E+04	-5.135800E+01
2.718000E+04	-5.142200E+01
2.724000E+04	-5.148600E+01
2.730000E+04	-5.155000E+01
2.736000E+04	-5.161400E+01
2.742000E+04	-5.167800E+01
2.748000E+04	-5.174200E+01
2.754000E+04	-5.180600E+01
2.760000E+04	-5.187000E+01
2.766000E+04	-5.193400E+01
2.772000E+04	-5.199800E+01
2.778000E+04	-5.206200E+01
2.784000E+04	-5.212600E+01
2.790000E+04	-5.219000E+01
2.796000E+04	-5.225400E+01
2.802000E+04	-5.231800E+01
2.808000E+04	-5.238200E+01
2.814000E+04	-5.244600E+01
2.820000E+04	-5.251000E+01
2.826000E+04	-5.257400E+01
2.832000E+04	-5.263800E+01
2.838000E+04	-5.270200E+01
2.844000E+04	-5.276600E+01
2.850000E+04	-5.283000E+01
2.856000E+04	-5.289400E+01
2.862000E+04	-5.295800E+01
2.868000E+04	-5.302200E+01
2.874000E+04	-5.308600E+01
2.880000E+04	-5.315000E+01
2.886000E+04	-5.321100E+01
2.892000E+04	-5.327200E+01
2.898000E+04	-5.333300E+01
2.904000E+04	-5.339400E+01
2.910000E+04	-5.345500E+01
2.916000E+04	-5.351600E+01
2.922000E+04	-5.357700E+01
2.928000E+04	-5.363800E+01
2.934000E+04	-5.369900E+01
2.940000E+04	-5.376000E+01
2.946000E+04	-5.382100E+01
2.952000E+04	-5.388200E+01
2.958000E+04	-5.394300E+01
2.964000E+04	-5.400400E+01
2.970000E+04	-5.406500E+01
2.976000E+04	-5.412600E+01
2.982000E+04	-5.418700E+01
2.988000E+04	-5.424800E+01
2.994000E+04	-5.430900E+01
3.000000E+04	-5.437000E+01
3.006000E+04	-5.443100E+01
3.012000E+04	-5.449200E+01
3.018000E+04	-5.455300E+01
3.024000E+04	-5.461400E+01
3.030000E+04	-5.467500E+01
3.036000E+04	-5.473600E+01
3.042000E+04	-5.479700E+01
3.048000E+04	-5.485800E+01
3.054000E+04	-5.491900E+01
3.060000E+04	-5.498000E+01
3.066000E+04	-5.502600E+01
3.072000E+04	-5.507200E+01
3.078000E+04	-5.511800E+01
3.084000E+04	-5.516400E+01
3.090000E+04	-5.521000E+01
3.096000E+04	-5.525600E+01
3.102000E+04	-5.530200E+01
3.108000E+04	-5.534800E+01
3.114000E+04	-5.539400E+01
3.120000E+04	-5.544000E+01
3.126000E+04	-5.548600E+01
3.132000E+04	-5.553200E+01
3.138000E+04	-5.557800E+01
3.144000E+04	-5.562400E+01
3.150000E+04	-5.567000E+01
3.156000E+04	-5.571600E+01
3.162000E+04	-5.576200E+01
3.168000E+04	-5.580800E+01
3.174000E+04	-5.585400E+01
3.180000E+04	-5.590000E+01
3.186000E+04	-5.594600E+01
3.192000E+04	-5.599200E+01
3.198000E+04	-5.603800E+01
3.204000E+04	-5.608400E+01
3.210000E+04	-5.613000E+01
3.216000E+04	-5.617600E+01
3.222000E+04	-5.622200E+01
3.228000E+04	-5.626800E+01
3.234000E+04	-5.631400E+01
3.240000E+04	-5.636000E+01
3.246000E+04	-5.635767E+01
3.252000E+04	-5.635533E+01
3.258000E+04	-5.635300E+01
3.264000E+04	-5.635067E+01
3.270000E+04	-5.634833E+01
3.276000E+04	-5.634600E+01
3.282000E+04	-5.634367E+01
3.288000E+04	-5.634133E+01
3.294000E+04	-5.633900E+01
3.300000E+04	-5.633667E+01
3.306000E+04	-5.633433E+01
3.312000E+04	-5.633200E+01
3.318000E+04	-5.632967E+01
3.324000E+04	-5.632733E+01
3.330000E+04	-5.632500E+01
3.336000E+04	-5.632267E+01
3.342000E+04	-5.632033E+01
3.348000E+04	-5.631800E+01
3.354000E+04	-5.631567E+01
3.360000E+04	-5.631333E+01
3.366000E+04	-5.631100E+01
3.372000E+04	-5.630867E+01
3.378000E+04	-5.630633E+01
3.384000E+04	-5.630400E+01
3.390000E+04	-5.630167E+01
3.396000E+04	-5.629933E+01
3.402000E+04	-5.629700E+01
3.408000E+04	-5.629467E+01
3.414000E+04	-5.629233E+01
3.420000E+04	-5.629000E+01
3.426000E+04	-5.628400E+01
3.432000E+04	-5.627800E+01
3.438000E+04	-5.627200E+01
3.444000E+04	-5.626600E+01
3.450000E+04	-5.626000E+01
3.456000E+04	-5.625400E+01
3.462000E+04	-5.624800E+01
3.468000E+04	-5.624200E+01
3.474000E+04	-5.623600E+01
3.480000E+04	-5.623000E+01
3.486000E+04	-5.622400E+01
3.492000E+04	-5.621800E+01
3.498000E+04	-5.621200E+01
3.504000E+04	-5.620600E+01
3.510000E+04	-5.620000E+01
3.516000E+04	-5.619400E+01
3.522000E+04	-5.618800E+01
3.528000E+04	-5.618200E+01
3.534000E+04	-5.617600E+01
3.540000E+04	-5.617000E+01
3.546000E+04	-5.616400E+01
3.552000E+04	-5.615800E+01
3.558000E+04	-5.615200E+01
3.564000E+04	-5.614600E+01
3.570000E+04	-5.614000E+01
3.576000E+04	-5.613400E+01
3.582000E+04	-5.612800E+01
3.588000E+04	-5.612200E+01
3.594000E+04	-5.611600E+01
3.600000E+04	-5.611000E+01
3.606000E+04	-5.612200E+01
3.612000E+04	-5.613400E+01
3.618000E+04	-5.614600E+01
3.624000E+04	-5.615800E+01
3.630000E+04	-5.617000E+01
3.636000E+04	-5.618200E+01
3.642000E+04	-5.619400E+01
3.648000E+04	-5.620600E+01
3.654000E+04	-5.621800E+01
3.660000E+04	-5.623000E+01
3.666000E+04	-5.624200E+01
3.672000E+04	-5.625400E+01
3.678000E+04	-5.626600E+01
3.684000E+04	-5.627800E+01
3.690000E+04	-5.629000E+01
3.696000E+04	-5.630200E+01
3.702000E+04	-5.631400E+01
3.708000E+04	-5.632600E+01
3.714000E+04	-5.633800E+01
3.720000E+04	-5.635000E+01
3.726000E+04	-5.636200E+01
3.732000E+04	-5.637400E+01
3.738000E+04	-5.638600E+01
3.744000E+04	-5.639800E+01
3.750000E+04	-5.641000E+01
3.756000E+04	-5.642200E+01
3.762000E+04	-5.643400E+01
3.768000E+04	-5.644600E+01
3.774000E+04	-5.645800E+01
3.780000E+04	-5.647000E+01
3.786000E+04	-5.646600E+01
3.792000E+04	-5.646200E+01
3.798000E+04	-5.645800E+01
3.804000E+04	-5.645400E+01
3.810000E+04	-5.645000E+01
3.816000E+04	-5.644600E+01
3.822000E+04	-5.644200E+01
3.828000E+04	-5.643800E+01
3.834000E+04	-5.643400E+01
3.840000E+04	-5.643000E+01
3.846000E+04	-5.642600E+01
3.852000E+04	-5.642200E+01
3.858000E+04	-5.641800E+01
3.864000E+04	-5.641400E+01
3.870000E+04	-5.641000E+01
3.876000E+04	-5.640600E+01
3.882000E+04	-5.640200E+01
3.888000E+04	-5.639800E+01
3.894000E+04	-5.639400E+01
3.900000E+04	-5.639000E+01
3.906000E+04	-5.638600E+01
3.912000E+04	-5.638200E+01
3.918000E+04	-5.637800E+01
3.924000E+04	-5.637400E+01
3.930000E+04	-5.637000E+01
3.936000E+04	-5.636600E+01
3.942000E+04	-5.636200E+01
3.948000E+04	-5.635800E+01
3.954000E+04	-5.635400E+01
3.960000E+04	-5.635000E+01
3.966000E+04	-5.634100E+01
3.972000E+04	-5.633200E+01
3.978000E+04	-5.632300E+01
3.984000E+04	-5.631400E+01
3.990000E+04	-5.630500E+01
3.996000E+04	-5.629600E+01
4.002000E+04	-5.628700E+01
4.008000E+04	-5.627800E+01
4.014000E+04	-5.626900E+01
4.020000E+04	-5.626000E+01
4.026000E+04	-5.625100E+01
4.032000E+04	-5.624200E+01
4.038000E+04	-5.623300E+01
4.044000E+04	-5.622400E+01
4.050000E+04	-5.621500E+01
4.056000E+04	-5.620600E+01
4.062000E+04	-5.619700E+01
4.068000E+04	-5.618800E+01
4.074000E+04	-5.617900E+01
4.080000E+04	-5.617000E+01
4.086000E+04	-5.616100E+01
4.092000E+04	-5.615200E+01
4.098000E+04	-5.614300E+01
4.104000E+04	-5.613400E+01
4.110000E+04	-5.612500E+01
4.116000E+04	-5.611600E+01
4.122000E+04	-5.610700E+01
4.128000E+04	-5.609800E+01
4.134000E+04	-5.608900E+01
4.140000E+04	-5.608000E+01
4.146000E+04	-5.605400E+01
4.152000E+04	-5.602800E+01
4.158000E+04	-5.600200E+01
4.164000E+04	-5.597600E+01
4.170000E+04	-5.595000E+01
4.176000E+04	-5.592400E+01
4.182000E+04	-5.589800E+01
4.188000E+04	-5.587200E+01
4.194000E+04	-5.584600E+01
4.200000E+04	-5.582000E+01
4.206000E+04	-5.579400E+01
4.212000E+04	-5.576800E+01
4.218000E+04	-5.574200E+01
4.224000E+04	-5.571600E+01
4.230000E+04	-5.569000E+01
4.236000E+04	-5.566400E+01
4.242000E+04	-5.563800E+01
4.248000E+04	-5.561200E+01
4.254000E+04	-5.558600E+01
4.260000E+04	-5.556000E+01
4.266000E+04	-5.553400E+01
4.272000E+04	-5.550800E+01
4.278000E+04	-5.548200E+01
4.284000E+04	-5.545600E+01
4.290000E+04	-5.543000E+01
4.296000E+04	-5.540400E+01
4.302000E+04	-5.537800E+01
4.308000E+04	-5.535200E+01
4.314000E+04	-5.532600E+01
4.320000E+04	-5.530000E+01
4.326000E+04	-5.516300E+01
4.332000E+04	-5.502600E+01
4.338000E+04	-5.488900E+01
4.344000E+04	-5.475200E+01
4.350000E+04	-5.461500E+01
4.356000E+04	-5.447800E+01
4.362000E+04	-5.434100E+01
4.368000E+04	-5.420400E+01
4.374000E+04	-5.406700E+01
4.380000E+04	-5.393000E+01
4.386000E+04	-5.379300E+01
4.392000E+04	-5.365600E+01
4.398000E+04	-5.351900E+01
4.404000E+04	-5.338200E+01
4.410000E+04	-5.324500E+01
4.416000E+04	-5.310800E+01
4.422000E+04	-5.297100E+01
4.428000E+04	-5.283400E+01
4.434000E+04	-5.269700E+01
4.440000E+04	-5.256000E+01
4.446000E+04	-5.242300E+01
4.452000E+04	-5.228600E+01
4.458000E+04	-5.214900E+01
4.464000E+04	-5.201200E+01
4.470000E+04	-5.187500E+01
4.476000E+04	-5.173800E+01
4.482000E+04	-5.160100E+01
4.488000E+04	-5.146400E+01
4.494000E+04	-5.132700E+01
4.500000E+04	-5.119000E+01
4.506000E+04	-5.038700E+01
4.512000E+04	-4.958400E+01
4.518000E+04	-4.878100E+01
4.524000E+04	-4.797800E+01
4.530000E+04	-4.717500E+01
4.536000E+04	-4.637200E+01
4.542000E+04	-4.556900E+01
4.548000E+04	-4.476600E+01
4.554000E+04	-4.396300E+01
4.560000E+04	-4.316000E+01
4.566000E+04	-4.235700E+01
4.572000E+04	-4.155400E+01
4.578000E+04	-4.075100E+01
4.584000E+04	-3.994800E+01
4.590000E+04	-3.914500E+01
4.596000E+04	-3.834200E+01
4.602000E+04	-3.753900E+01
4.608000E+04	-3.673600E+01
4.614000E+04	-3.593300E+01
4.620000E+04	-3.513000E+01
4.626000E+04	-3.432700E+01
4.632000E+04	-3.352400E+01
4.638000E+04	-3.272100E+01
4.644000E+04	-3.191800E+01
4.650000E+04	-3.111500E+01
4.656000E+04	-3.031200E+01
4.662000E+04	-2.950900E+01
4.668000E+04	-2.870600E+01
4.674000E+04	-2.790300E+01
4.680000E+04	-2.710000E+01
4.686000E+04	-2.559533E+01
4.692000E+04	-2.409067E+01
4.698000E+04	-2.258600E+01
4.704000E+04	-2.108133E+01
4.710000E+04	-1.957667E+01
4.716000E+04	-1.807200E+01
4.722000E+04	-1.656733E+01
4.728000E+04	-1.506267E+01
4.734000E+04	-1.355800E+01
4.740000E+04	-1.205333E+01
4.746000E+04	-1.054867E+01
4.752000E+04	-9.044000E+00
4.758000E+04	-7.539333E+00
4.764000E+04	-6.034666E+00
4.770000E+04	-4.530000E+00
4.776000E+04	-3.025333E+00
4.782000E+04	-1.520666E+00
4.788000E+04	-1.599960E-02
4.794000E+04	 1.488667E+00
4.800000E+04	 2.993334E+00
4.806000E+04	 4.498001E+00
4.812000E+04	 6.002667E+00
4.818000E+04	 7.507334E+00
4.824000E+04	 9.012001E+00
4.830000E+04	 1.051667E+01
4.836000E+04	 1.202133E+01
4.842000E+04	 1.352600E+01
4.848000E+04	 1.503067E+01
4.854000E+04	 1.653533E+01
4.860000E+04	 1.804000E+01
4.866000E+04	 1.999200E+01
4.872000E+04	 2.194400E+01
4.878000E+04	 2.389600E+01
4.884000E+04	 2.584800E+01
4.890000E+04	 2.780000E+01
4.896000E+04	 2.975200E+01
4.902000E+04	 3.170400E+01
4.908000E+04	 3.365600E+01
4.914000E+04	 3.560800E+01
4.920000E+04	 3.756000E+01
4.926000E+04	 3.951200E+01
4.932000E+04	 4.146400E+01
4.938000E+04	 4.341600E+01
4.944000E+04	 4.536800E+01
4.950000E+04	 4.732000E+01
4.956000E+04	 4.927200E+01
4.962000E+04	 5.122400E+01
4.968000E+04	 5.317600E+01
4.974000E+04	 5.512800E+01
4.980000E+04	 5.708000E+01
4.986000E+04	 5.903200E+01
4.992000E+04	 6.098400E+01
4.998000E+04	 6.293600E+01
5.004000E+04	 6.488800E+01
5.010000E+04	 6.684000E+01
5.016000E+04	 6.879200E+01
5.022000E+04	 7.074400E+01
5.028000E+04	 7.269600E+01
5.034000E+04	 7.464800E+01
5.040000E+04	 7.660000E+01
5.046000E+04	 7.896333E+01
5.052000E+04	 8.132667E+01
5.058000E+04	 8.369000E+01
5.064000E+04	 8.605333E+01
5.070000E+04	 8.841667E+01
5.076000E+04	 9.078000E+01
5.082000E+04	 9.314333E+01
5.088000E+04	 9.550667E+01
5.094000E+04	 9.787000E+01
5.100000E+04	 1.002333E+02
5.106000E+04	 1.025967E+02
5.112000E+04	 1.049600E+02
5.118000E+04	 1.073233E+02
5.124000E+04	 1.096867E+02
5.130000E+04	 1.120500E+02
5.136000E+04	 1.144133E+02
5.142000E+04	 1.167767E+02
5.148000E+04	 1.191400E+02
5.154000E+04	 1.215033E+02
5.160000E+04	 1.238667E+02
5.166000E+04	 1.262300E+02
5.172000E+04	 1.285933E+02
5.178000E+04	 1.309567E+02
5.184000E+04	 1.333200E+02
5.190000E+04	 1.356833E+02
5.196000E+04	 1.380467E+02
5.202000E+04	 1.404100E+02
5.208000E+04	 1.427733E+02
5.214000E+04	 1.451367E+02
5.220000E+04	 1.475000E+02
5.226000E+04	 1.498367E+02
5.232000E+04	 1.521733E+02
5.238000E+04	 1.545100E+02
5.244000E+04	 1.568467E+02
5.250000E+04	 1.591833E+02
5.256000E+04	 1.615200E+02
5.262000E+04	 1.638567E+02
5.268000E+04	 1.661933E+02
5.274000E+04	 1.685300E+02
5.280000E+04	 1.708667E+02
5.286000E+04	 1.732033E+02
5.292000E+04	 1.755400E+02
5.298000E+04	 1.778767E+02
5.304000E+04	 1.802133E+02
5.310000E+04	 1.825500E+02
5.316000E+04	 1.848867E+02
5.322000E+04	 1.872233E+02
5.328000E+04	 1.895600E+02
5.334000E+04	 1.918967E+02
5.340000E+04	 1.942333E+02
5.346000E+04	 1.965700E+02
5.352000E+04	 1.989067E+02
5.358000E+04	 2.012433E+02
5.364000E+04	 2.035800E+02
5.370000E+04	 2.059167E+02
5.376000E+04	 2.082533E+02
5.382000E+04	 2.105900E+02
5.388000E+04	 2.129267E+02
5.394000E+04	 2.152633E+02
5.400000E+04	 2.176000E+02
5.406000E+04	 2.196767E+02
5.412000E+04	 2.217533E+02
5.418000E+04	 2.238300E+02
5.424000E+04	 2.259067E+02
5.430000E+04	 2.279833E+02
5.436000E+04	 2.300600E+02
5.442000E+04	 2.321367E+02
5.448000E+04	 2.342133E+02
5.454000E+04	 2.362900E+02
5.460000E+04	 2.383667E+02
5.466000E+04	 2.404433E+02
5.472000E+04	 2.425200E+02
5.478000E+04	 2.445967E+02
5.484000E+04	 2.466733E+02
5.490000E+04	 2.487500E+02
5.496000E+04	 2.508267E+02
5.502000E+04	 2.529033E+02
5.508000E+04	 2.549800E+02
5.514000E+04	 2.570567E+02
5.520000E+04	 2.591333E+02
5.526000E+04	 2.612100E+02
5.532000E+04	 2.632867E+02
5.538000E+04	 2.653633E+02
5.544000E+04	 2.674400E+02
5.550000E+04	 2.695167E+02
5.556000E+04	 2.715933E+02
5.562000E+04	 2.736700E+02
5.568000E+04	 2.757467E+02
5.574000E+04	 2.778233E+02
5.580000E+04	 2.799000E+02
5.586000E+04	 2.817567E+02
5.592000E+04	 2.836133E+02
5.598000E+04	 2.854700E+02
5.604000E+04	 2.873267E+02
5.610000E+04	 2.891833E+02
5.616000E+04	 2.910400E+02
5.622000E+04	 2.928967E+02
5.628000E+04	 2.947533E+02
5.634000E+04	 2.966100E+02
5.640000E+04	 2.984667E+02
5.646000E+04	 3.003233E+02
5.652000E+04	 3.021800E+02
5.658000E+04	 3.040367E+02
5.664000E+04	 3.058933E+02
5.670000E+04	 3.077500E+02
5.676000E+04	 3.096067E+02
5.682000E+04	 3.114633E+02
5.688000E+04	 3.133200E+02
5.694000E+04	 3.151767E+02
5.700000E+04	 3.170333E+02
5.706000E+04	 3.188900E+02
5.712000E+04	 3.207467E+02
5.718000E+04	 3.226033E+02
5.724000E+04	 3.244600E+02
5.730000E+04	 3.263167E+02
5.736000E+04	 3.281733E+02
5.742000E+04	 3.300300E+02
5.748000E+04	 3.318867E+02
5.754000E+04	 3.337433E+02
5.760000E+04	 3.356000E+02
5.766000E+04	 3.371633E+02
5.772000E+04	 3.387267E+02
5.778000E+04	 3.402900E+02
5.784000E+04	 3.418533E+02
5.790000E+04	 3.434167E+02
5.796000E+04	 3.449800E+02
5.802000E+04	 3.465433E+02
5.808000E+04	 3.481067E+02
5.814000E+04	 3.496700E+02
5.820000E+04	 3.512333E+02
5.826000E+04	 3.527967E+02
5.832000E+04	 3.543600E+02
5.838000E+04	 3.559233E+02
5.844000E+04	 3.574867E+02
5.850000E+04	 3.590500E+02
5.856000E+04	 3.606133E+02
5.862000E+04	 3.621767E+02
5.868000E+04	 3.637400E+02
5.874000E+04	 3.653033E+02
5.880000E+04	 3.668667E+02
5.886000E+04	 3.684300E+02
5.892000E+04	 3.699933E+02
5.898000E+04	 3.715567E+02
5.904000E+04	 3.731200E+02
5.910000E+04	 3.746833E+02
5.916000E+04	 3.762467E+02
5.922000E+04	 3.778100E+02
5.928000E+04	 3.793733E+02
5.934000E+04	 3.809367E+02
5.940000E+04	 3.825000E+02
5.946000E+04	 3.837067E+02
5.952000E+04	 3.849133E+02
5.958000E+04	 3.861200E+02
5.964000E+04	 3.873267E+02
5.970000E+04	 3.885333E+02
5.976000E+04	 3.897400E+02
5.982000E+04	 3.909467E+02
5.988000E+04	 3.921533E+02
5.994000E+04	 3.933600E+02
6.000000E+04	 3.945667E+02
6.006000E+04	 3.957733E+02
6.012000E+04	 3.969800E+02
6.018000E+04	 3.981867E+02
6.024000E+04	 3.993933E+02
6.030000E+04	 4.006000E+02
6.036000E+04	 4.018067E+02
6.042000E+04	 4.030133E+02
6.048000E+04	 4.042200E+02
6.054000E+04	 4.054267E+02
6.060000E+04	 4.066333E+02
6.066000E+04	 4.078400E+02
6.072000E+04	 4.090467E+02
6.078000E+04	 4.102533E+02
6.084000E+04	 4.114600E+02
6.090000E+04	 4.126667E+02
6.096000E+04	 4.138733E+02
6.102000E+04	 4.150800E+02
6.108000E+04	 4.162867E+02
6.114000E+04	 4.174933E+02
6.120000E+04	 4.187000E+02
6.126000E+04	 4.193867E+02
6.132000E+04	 4.200733E+02
6.138000E+04	 4.207600E+02
6.144000E+04	 4.214467E+02
6.150000E+04	 4.221333E+02
6.156000E+04	 4.228200E+02
6.162000E+04	 4.235067E+02
6.168000E+04	 4.241933E+02
6.174000E+04	 4.248800E+02
6.180000E+04	 4.255667E+02
6.186000E+04	 4.262533E+02
6.192000E+04	 4.269400E+02
6.198000E+04	 4.276267E+02
6.204000E+04	 4.283133E+02
6.210000E+04	 4.290000E+02
6.216000E+04	 4.296867E+02
6.222000E+04	 4.303733E+02
6.228000E+04	 4.310600E+02
6.234000E+04	 4.317467E+02
6.240000E+04	 4.324333E+02
6.246000E+04	 4.331200E+02
6.252000E+04	 4.338067E+02
6.258000E+04	 4.344933E+02
6.264000E+04	 4.351800E+02
6.270000E+04	 4.358667E+02
6.276000E+04	 4.365533E+02
6.282000E+04	 4.372400E+02
6.288000E+04	 4.379267E+02
6.294000E+04	 4.386133E+02
6.300000E+04	 4.393000E+02
6.306000E+04	 4.397433E+02
6.312000E+04	 4.401867E+02
6.318000E+04	 4.406300E+02
6.324000E+04	 4.410733E+02
6.330000E+04	 4.415167E+02
6.336000E+04	 4.419600E+02
6.342000E+04	 4.424033E+02
6.348000E+04	 4.428467E+02
6.354000E+04	 4.432900E+02
6.360000E+04	 4.437333E+02
6.366000E+04	 4.441767E+02
6.372000E+04	 4.446200E+02
6.378000E+04	 4.450633E+02
6.384000E+04	 4.455067E+02
6.390000E+04	 4.459500E+02
6.396000E+04	 4.463933E+02
6.402000E+04	 4.468367E+02
6.408000E+04	 4.472800E+02
6.414000E+04	 4.477233E+02
6.420000E+04	 4.481667E+02
6.426000E+04	 4.486100E+02
6.432000E+04	 4.490533E+02
6.438000E+04	 4.494967E+02
6.444000E+04	 4.499400E+02
6.450000E+04	 4.503833E+02
6.456000E+04	 4.508267E+02
6.462000E+04	 4.512700E+02
6.468000E+04	 4.517133E+02
6.474000E+04	 4.521567E+02
6.480000E+04	 4.526000E+02
6.486000E+04	 4.525167E+02
6.492000E+04	 4.524333E+02
6.498000E+04	 4.523500E+02
6.504000E+04	 4.522667E+02
6.510000E+04	 4.521833E+02
6.516000E+04	 4.521000E+02
6.522000E+04	 4.520167E+02
6.528000E+04	 4.519333E+02
6.534000E+04	 4.518500E+02
6.540000E+04	 4.517667E+02
6.546000E+04	 4.516833E+02
6.552000E+04	 4.516000E+02
6.558000E+04	 4.515167E+02
6.564000E+04	 4.514333E+02
6.570000E+04	 4.513500E+02
6.576000E+04	 4.512667E+02
6.582000E+04	 4.511833E+02
6.588000E+04	 4.511000E+02
6.594000E+04	 4.510167E+02
6.600000E+04	 4.509333E+02
6.606000E+04	 4.508500E+02
6.612000E+04	 4.507667E+02
6.618000E+04	 4.506833E+02
6.624000E+04	 4.506000E+02
6.630000E+04	 4.505167E+02
6.636000E+04	 4.504333E+02
6.642000E+04	 4.503500E+02
6.648000E+04	 4.502667E+02
6.654000E+04	 4.501833E+02
6.660000E+04	 4.501000E+02
6.666000E+04	 4.482300E+02
6.672000E+04	 4.463600E+02
6.678000E+04	 4.444900E+02
6.684000E+04	 4.426200E+02
6.690000E+04	 4.407500E+02
6.696000E+04	 4.388800E+02
6.702000E+04	 4.370100E+02
6.708000E+04	 4.351400E+02
6.714000E+04	 4.332700E+02
6.720000E+04	 4.314000E+02
6.726000E+04	 4.295300E+02
6.732000E+04	 4.276600E+02
6.738000E+04	 4.257900E+02
6.744000E+04	 4.239200E+02
6.750000E+04	 4.220500E+02
6.756000E+04	 4.201800E+02
6.762000E+04	 4.183100E+02
6.768000E+04	 4.164400E+02
6.774000E+04	 4.145700E+02
6.780000E+04	 4.127000E+02
6.786000E+04	 4.108300E+02
6.792000E+04	 4.089600E+02
6.798000E+04	 4.070900E+02
6.804000E+04	 4.052200E+02
6.810000E+04	 4.033500E+02
6.816000E+04	 4.014800E+02
6.822000E+04	 3.996100E+02
6.828000E+04	 3.977400E+02
6.834000E+04	 3.958700E+02
6.840000E+04	 3.940000E+02
6.846000E+04	 3.941367E+02
6.852000E+04	 3.942733E+02
6.858000E+04	 3.944100E+02
6.864000E+04	 3.945467E+02
6.870000E+04	 3.946833E+02
6.876000E+04	 3.948200E+02
6.882000E+04	 3.949567E+02
6.888000E+04	 3.950933E+02
6.894000E+04	 3.952300E+02
6.900000E+04	 3.953667E+02
6.906000E+04	 3.955033E+02
6.912000E+04	 3.956400E+02
6.918000E+04	 3.957767E+02
6.924000E+04	 3.959133E+02
6.930000E+04	 3.960500E+02
6.936000E+04	 3.961867E+02
6.942000E+04	 3.963233E+02
6.948000E+04	 3.964600E+02
6.954000E+04	 3.965967E+02
6.960000E+04	 3.967333E+02
6.966000E+04	 3.968700E+02
6.972000E+04	 3.970067E+02
6.978000E+04	 3.971433E+02
6.984000E+04	 3.972800E+02
6.990000E+04	 3.974167E+02
6.996000E+04	 3.975533E+02
7.002000E+04	 3.976900E+02
7.008000E+04	 3.978267E+02
7.014000E+04	 3.979633E+02
7.020000E+04	 3.981000E+02
7.026000E+04	 3.972867E+02
7.032000E+04	 3.964733E+02
7.038000E+04	 3.956600E+02
7.044000E+04	 3.948467E+02
7.050000E+04	 3.940333E+02
7.056000E+04	 3.932200E+02
7.062000E+04	 3.924067E+02
7.068000E+04	 3.915933E+02
7.074000E+04	 3.907800E+02
7.080000E+04	 3.899667E+02
7.086000E+04	 3.891533E+02
7.092000E+04	 3.883400E+02
7.098000E+04	 3.875267E+02
7.104000E+04	 3.867133E+02
7.110000E+04	 3.859000E+02
7.116000E+04	 3.850867E+02
7.122000E+04	 3.842733E+02
7.128000E+04	 3.834600E+02
7.134000E+04	 3.826467E+02
7.140000E+04	 3.818333E+02
7.146000E+04	 3.810200E+02
7.152000E+04	 3.802067E+02
7.158000E+04	 3.793933E+02
7.164000E+04	 3.785800E+02
7.170000E+04	 3.777667E+02
7.176000E+04	 3.769533E+02
7.182000E+04	 3.761400E+02
7.188000E+04	 3.753267E+02
7.194000E+04	 3.745133E+02
7.200000E+04	 3.737000E+02
7.206000E+04	 3.714100E+02
7.212000E+04	 3.691200E+02
7.218000E+04	 3.668300E+02
7.224000E+04	 3.645400E+02
7.230000E+04	 3.622500E+02
7.236000E+04	 3.599600E+02
7.242000E+04	 3.576700E+02
7.248000E+04	 3.553800E+02
7.254000E+04	 3.530900E+02
7.260000E+04	 3.508000E+02
7.266000E+04	 3.485100E+02
7.272000E+04	 3.462200E+02
7.278000E+04	 3.439300E+02
7.284000E+04	 3.416400E+02
7.290000E+04	 3.393500E+02
7.296000E+04	 3.370600E+02
7.302000E+04	 3.347700E+02
7.308000E+04	 3.324800E+02
7.314000E+04	 3.301900E+02
7.320000E+04	 3.279000E+02
7.326000E+04	 3.256100E+02
7.332000E+04	 3.233200E+02
7.338000E+04	 3.210300E+02
7.344000E+04	 3.187400E+02
7.350000E+04	 3.164500E+02
7.356000E+04	 3.141600E+02
7.362000E+04	 3.118700E+02
7.368000E+04	 3.095800E+02
7.374000E+04	 3.072900E+02
7.380000E+04	 3.050000E+02
7.386000E+04	 3.044267E+02
7.392000E+04	 3.038533E+02
7.398000E+04	 3.032800E+02
7.404000E+04	 3.027067E+02
7.410000E+04	 3.021333E+02
7.416000E+04	 3.015600E+02
7.422000E+04	 3.009867E+02
7.428000E+04	 3.004133E+02
7.434000E+04	 2.998400E+02
7.440000E+04	 2.992667E+02
7.446000E+04	 2.986933E+02
7.452000E+04	 2.981200E+02
7.458000E+04	 2.975467E+02
7.464000E+04	 2.969733E+02
7.470000E+04	 2.964000E+02
7.476000E+04	 2.958267E+02
7.482000E+04	 2.952533E+02
7.488000E+04	 2.946800E+02
7.494000E+04	 2.941067E+02
7.500000E+04	 2.935333E+02
7.506000E+04	 2.929600E+02
7.512000E+04	 2.923867E+02
7.518000E+04	 2.918133E+02
7.524000E+04	 2.912400E+02
7.530000E+04	 2.906667E+02
7.536000E+04	 2.900933E+02
7.542000E+04	 2.895200E+02
7.548000E+04	 2.889467E+02
7.554000E+04	 2.883733E+02
7.560000E+04	 2.878000E+02
7.566000E+04	 2.847200E+02
7.572000E+04	 2.816400E+02
7.578000E+04	 2.785600E+02
7.584000E+04	 2.754800E+02
7.590000E+04	 2.724000E+02
7.596000E+04	 2.693200E+02
7.602000E+04	 2.662400E+02
7.608000E+04	 2.631600E+02
7.614000E+04	 2.600800E+02
7.620000E+04	 2.570000E+02
7.626000E+04	 2.539200E+02
7.632000E+04	 2.508400E+02
7.638000E+04	 2.477600E+02
7.644000E+04	 2.446800E+02
7.650000E+04	 2.416000E+02
7.656000E+04	 2.385200E+02
7.662000E+04	 2.354400E+02
7.668000E+04	 2.323600E+02
7.674000E+04	 2.292800E+02
7.680000E+04	 2.262000E+02
7.686000E+04	 2.231200E+02
7.692000E+04	 2.200400E+02
7.698000E+04	 2.169600E+02
7.704000E+04	 2.138800E+02
7.710000E+04	 2.108000E+02
7.716000E+04	 2.077200E+02
7.722000E+04	 2.046400E+02
7.728000E+04	 2.015600E+02
7.734000E+04	 1.984800E+02
7.740000E+04	 1.954000E+02
7.746000E+04	 1.927200E+02
7.752000E+04	 1.900400E+02
7.758000E+04	 1.873600E+02
7.764000E+04	 1.846800E+02
7.770000E+04	 1.820000E+02
7.776000E+04	 1.793200E+02
7.782000E+04	 1.766400E+02
7.788000E+04	 1.739600E+02
7.794000E+04	 1.712800E+02
7.800000E+04	 1.686000E+02
7.806000E+04	 1.659200E+02
7.812000E+04	 1.632400E+02
7.818000E+04	 1.605600E+02
7.824000E+04	 1.578800E+02
7.830000E+04	 1.552000E+02
7.836000E+04	 1.525200E+02
7.842000E+04	 1.498400E+02
7.848000E+04	 1.471600E+02
7.854000E+04	 1.444800E+02
7.860000E+04	 1.418000E+02
7.866000E+04	 1.391200E+02
7.872000E+04	 1.364400E+02
7.878000E+04	 1.337600E+02
7.884000E+04	 1.310800E+02
7.890000E+04	 1.284000E+02
7.896000E+04	 1.257200E+02
7.902000E+04	 1.230400E+02
7.908000E+04	 1.203600E+02
7.914000E+04	 1.176800E+02
7.920000E+04	 1.150000E+02
7.926000E+04	 1.121593E+02
7.932000E+04	 1.093187E+02
7.938000E+04	 1.064780E+02
7.944000E+04	 1.036373E+02
7.950000E+04	 1.007967E+02
7.956000E+04	 9.795600E+01
7.962000E+04	 9.511533E+01
7.968000E+04	 9.227467E+01
7.974000E+04	 8.943400E+01
7.980000E+04	 8.659333E+01
7.986000E+04	 8.375267E+01
7.992000E+04	 8.091200E+01
7.998000E+04	 7.807133E+01
8.004000E+04	 7.523067E+01
8.010000E+04	 7.239000E+01
8.016000E+04	 6.954933E+01
8.022000E+04	 6.670867E+01
8.028000E+04	 6.386800E+01
8.034000E+04	 6.102733E+01
8.040000E+04	 5.818667E+01
8.046000E+04	 5.534600E+01
8.052000E+04	 5.250533E+01
8.058000E+04	 4.966467E+01
8.064000E+04	 4.682400E+01
8.070000E+04	 4.398333E+01
8.076000E+04	 4.114267E+01
8.082000E+04	 3.830200E+01
8.088000E+04	 3.546133E+01
8.094000E+04	 3.262067E+01
8.100000E+04	 2.978000E+01
8.106000E+04	 2.786033E+01
8.112000E+04	 2.594067E+01
8.118000E+04	 2.402100E+01
8.124000E+04	 2.210133E+01
8.130000E+04	 2.018167E+01
8.136000E+04	 1.826200E+01
8.142000E+04	 1.634233E+01
8.148000E+04	 1.442267E+01
8.154000E+04	 1.250300E+01
8.160000E+04	 1.058333E+01
8.166000E+04	 8.663667E+00
8.172000E+04	 6.744001E+00
8.178000E+04	 4.824334E+00
8.184000E+04	 2.904667E+00
8.190000E+04	 9.850006E-01
8.196000E+04	-9.346661E-01
8.202000E+04	-2.854333E+00
8.208000E+04	-4.773999E+00
8.214000E+04	-6.693666E+00
8.220000E+04	-8.613333E+00
8.226000E+04	-1.053300E+01
8.232000E+04	-1.245267E+01
8.238000E+04	-1.437233E+01
8.244000E+04	-1.629200E+01
8.250000E+04	-1.821167E+01
8.256000E+04	-2.013133E+01
8.262000E+04	-2.205100E+01
8.268000E+04	-2.397067E+01
8.274000E+04	-2.589033E+01
8.280000E+04	-2.781000E+01
8.286000E+04	-2.882433E+01
8.292000E+04	-2.983867E+01
8.298000E+04	-3.085300E+01
8.304000E+04	-3.186733E+01
8.310000E+04	-3.288167E+01
8.316000E+04	-3.389600E+01
8.322000E+04	-3.491033E+01
8.328000E+04	-3.592467E+01
8.334000E+04	-3.693900E+01
8.340000E+04	-3.795333E+01
8.346000E+04	-3.896767E+01
8.352000E+04	-3.998200E+01
8.358000E+04	-4.099633E+01
8.364000E+04	-4.201067E+01
8.370000E+04	-4.302500E+01
8.376000E+04	-4.403933E+01
8.382000E+04	-4.505367E+01
8.388000E+04	-4.606800E+01
8.394000E+04	-4.708233E+01
8.400000E+04	-4.809667E+01
8.406000E+04	-4.911100E+01
8.412000E+04	-5.012533E+01
8.418000E+04	-5.113967E+01
8.424000E+04	-5.215400E+01
8.430000E+04	-5.316833E+01
8.436000E+04	-5.418267E+01
8.442000E+04	-5.519700E+01
8.448000E+04	-5.621133E+01
8.454000E+04	-5.722567E+01
8.460000E+04	-5.824000E+01
8.466000E+04	-5.830467E+01
8.472000E+04	-5.836933E+01
8.478000E+04	-5.843400E+01
8.484000E+04	-5.849867E+01
8.490000E+04	-5.856333E+01
8.496000E+04	-5.862800E+01
8.502000E+04	-5.869267E+01
8.508000E+04	-5.875733E+01
8.514000E+04	-5.882200E+01
8.520000E+04	-5.888667E+01
8.526000E+04	-5.895133E+01
8.532000E+04	-5.901600E+01
8.538000E+04	-5.908067E+01
8.544000E+04	-5.914533E+01
8.550000E+04	-5.921000E+01
8.556000E+04	-5.927467E+01
8.562000E+04	-5.933933E+01
8.568000E+04	-5.940400E+01
8.574000E+04	-5.946867E+01
8.580000E+04	-5.953333E+01
8.586000E+04	-5.959800E+01
8.592000E+04	-5.966267E+01
8.598000E+04	-5.972733E+01
8.604000E+04	-5.979200E+01
8.610000E+04	-5.985667E+01
8.616000E+04	-5.992133E+01
8.622000E+04	-5.998600E+01
8.628000E+04	-6.005067E+01
8.634000E+04	-6.011533E+01
8.640000E+04	-6.018000E+01
8.646000E+04	-6.009533E+01
8.652000E+04	-6.001067E+01
8.658000E+04	-5.992600E+01
8.664000E+04	-5.984133E+01
8.670000E+04	-5.975667E+01
8.676000E+04	-5.967200E+01
8.682000E+04	-5.958733E+01
8.688000E+04	-5.950267E+01
8.694000E+04	-5.941800E+01
8.700000E+04	-5.933333E+01
8.706000E+04	-5.924867E+01
8.712000E+04	-5.916400E+01
8.718000E+04	-5.907933E+01
8.724000E+04	-5.899467E+01
8.730000E+04	-5.891000E+01
8.736000E+04	-5.882533E+01
8.742000E+04	-5.874067E+01
8.748000E+04	-5.865600E+01
8.754000E+04	-5.857133E+01
8.760000E+04	-5.848667E+01
8.766000E+04	-5.840200E+01
8.772000E+04	-5.831733E+01
8.778000E+04	-5.823267E+01
8.784000E+04	-5.814800E+01
8.790000E+04	-5.806333E+01
8.796000E+04	-5.797867E+01
8.802000E+04	-5.789400E+01
8.808000E+04	-5.780933E+01
8.814000E+04	-5.772467E+01
8.820000E+04	-5.764000E+01
8.826000E+04	-5.758833E+01
8.832000E+04	-5.753667E+01
8.838000E+04	-5.748500E+01
8.844000E+04	-5.743333E+01
8.850000E+04	-5.738167E+01
8.856000E+04	-5.733000E+01
8.862000E+04	-5.727833E+01
8.868000E+04	-5.722667E+01
8.874000E+04	-5.717500E+01
8.880000E+04	-5.712333E+01
8.886000E+04	-5.707167E+01
8.892000E+04	-5.702000E+01
8.898000E+04	-5.696833E+01
8.904000E+04	-5.691667E+01
8.910000E+04	-5.686500E+01
8.916000E+04	-5.681333E+01
8.922000E+04	-5.676167E+01
8.928000E+04	-5.671000E+01
8.934000E+04	-5.665833E+01
8.940000E+04	-5.660667E+01
8.946000E+04	-5.655500E+01
8.952000E+04	-5.650333E+01
8.958000E+04	-5.645167E+01
8.964000E+04	-5.640000E+01
8.970000E+04	-5.634833E+01
8.976000E+04	-5.629667E+01
8.982000E+04	-5.624500E+01
8.988000E+04	-5.619333E+01
8.994000E+04	-5.614167E+01
9.000000E+04	-5.609000E+01
9.006000E+04	-5.610233E+01
9.012000E+04	-5.611467E+01
9.018000E+04	-5.612700E+01
9.024000E+04	-5.613933E+01
9.030000E+04	-5.615167E+01
9.036000E+04	-5.616400E+01
9.042000E+04	-5.617633E+01
9.048000E+04	-5.618867E+01
9.054000E+04	-5.620100E+01
9.060000E+04	-5.621333E+01
9.066000E+04	-5.622567E+01
9.072000E+04	-5.623800E+01
9.078000E+04	-5.625033E+01
9.084000E+04	-5.626267E+01
9.090000E+04	-5.627500E+01
9.096000E+04	-5.628733E+01
9.102000E+04	-5.629967E+01
9.108000E+04	-5.631200E+01
9.114000E+04	-5.632433E+01
9.120000E+04	-5.633667E+01
9.126000E+04	-5.634900E+01
9.132000E+04	-5.636133E+01
9.138000E+04	-5.637367E+01
9.144000E+04	-5.638600E+01
9.150000E+04	-5.639833E+01
9.156000E+04	-5.641067E+01
9.162000E+04	-5.642300E+01
9.168000E+04	-5.643533E+01
9.174000E+04	-5.644767E+01
9.180000E+04	-5.646000E+01
9.186000E+04	-5.648767E+01
9.192000E+04	-5.651533E+01
9.198000E+04	-5.654300E+01
9.204000E+04	-5.657067E+01
9.210000E+04	-5.659833E+01
9.216000E+04	-5.662600E+01
9.222000E+04	-5.665367E+01
9.228000E+04	-5.668133E+01
9.234000E+04	-5.670900E+01
9.240000E+04	-5.673667E+01
9.246000E+04	-5.676433E+01
9.252000E+04	-5.679200E+01
9.258000E+04	-5.681967E+01
9.264000E+04	-5.684733E+01
9.270000E+04	-5.687500E+01
9.276000E+04	-5.690267E+01
9.282000E+04	-5.693033E+01
9.288000E+04	-5.695800E+01
9.294000E+04	-5.698567E+01
9.300000E+04	-5.701333E+01
9.306000E+04	-5.704100E+01
9.312000E+04	-5.706867E+01
9.318000E+04	-5.709633E+01
9.324000E+04	-5.712400E+01
9.330000E+04	-5.715167E+01
9.336000E+04	-5.717933E+01
9.342000E+04	-5.720700E+01
9.348000E+04	-5.723467E+01
9.354000E+04	-5.726233E+01
9.360000E+04	-5.729000E+01
9.366000E+04	-5.730833E+01
9.372000E+04	-5.732667E+01
9.378000E+04	-5.734500E+01
9.384000E+04	-5.736333E+01
9.390000E+04	-5.738167E+01
9.396000E+04	-5.740000E+01
9.402000E+04	-5.741833E+01
9.408000E+04	-5.743667E+01
9.414000E+04	-5.745500E+01
9.420000E+04	-5.747333E+01
9.426000E+04	-5.749167E+01
9.432000E+04	-5.751000E+01
9.438000E+04	-5.752833E+01
9.444000E+04	-5.754667E+01
9.450000E+04	-5.756500E+01
9.456000E+04	-5.758333E+01
9.462000E+04	-5.760167E+01
9.468000E+04	-5.762000E+01
9.474000E+04	-5.763833E+01
9.480000E+04	-5.765667E+01
9.486000E+04	-5.767500E+01
9.492000E+04	-5.769333E+01
9.498000E+04	-5.771167E+01
9.504000E+04	-5.773000E+01
9.510000E+04	-5.774833E+01
9.516000E+04	-5.776667E+01
9.522000E+04	-5.778500E+01
9.528000E+04	-5.780333E+01
9.534000E+04	-5.782167E+01
9.540000E+04	-5.784000E+01
9.546000E+04	-5.782433E+01
9.552000E+04	-5.780867E+01
9.558000E+04	-5.779300E+01
9.564000E+04	-5.777733E+01
9.570000E+04	-5.776167E+01
9.576000E+04	-5.774600E+01
9.582000E+04	-5.773033E+01
9.588000E+04	-5.771467E+01
9.594000E+04	-5.769900E+01
9.600000E+04	-5.768333E+01
9.606000E+04	-5.766767E+01
9.612000E+04	-5.765200E+01
9.618000E+04	-5.763633E+01
9.624000E+04	-5.762067E+01
9.630000E+04	-5.760500E+01
9.636000E+04	-5.758933E+01
9.642000E+04	-5.757367E+01
9.648000E+04	-5.755800E+01
9.654000E+04	-5.754233E+01
9.660000E+04	-5.752667E+01
9.666000E+04	-5.751100E+01
9.672000E+04	-5.749533E+01
9.678000E+04	-5.747967E+01
9.684000E+04	-5.746400E+01
9.690000E+04	-5.744833E+01
9.696000E+04	-5.743267E+01
9.702000E+04	-5.741700E+01
9.708000E+04	-5.740133E+01
9.714000E+04	-5.738567E+01
9.720000E+04	-5.737000E+01
9.726000E+04	-5.735867E+01
9.732000E+04	-5.734733E+01
9.738000E+04	-5.733600E+01
9.744000E+04	-5.732467E+01
9.750000E+04	-5.731333E+01
9.756000E+04	-5.730200E+01
9.762000E+04	-5.729067E+01
9.768000E+04	-5.727933E+01
9.774000E+04	-5.726800E+01
9.780000E+04	-5.725667E+01
9.786000E+04	-5.724533E+01
9.792000E+04	-5.723400E+01
9.798000E+04	-5.722267E+01
9.804000E+04	-5.721133E+01
9.810000E+04	-5.720000E+01
9.816000E+04	-5.718867E+01
9.822000E+04	-5.717733E+01
9.828000E+04	-5.716600E+01
9.834000E+04	-5.715467E+01
9.840000E+04	-5.714333E+01
9.846000E+04	-5.713200E+01
9.852000E+04	-5.712067E+01
9.858000E+04	-5.710933E+01
9.864000E+04	-5.709800E+01
9.870000E+04	-5.708667E+01
9.876000E+04	-5.707533E+01
9.882000E+04	-5.706400E+01
9.888000E+04	-5.705267E+01
9.894000E+04	-5.704133E+01
9.900000E+04	-5.703000E+01
9.906000E+04	-5.705167E+01
9.912000E+04	-5.707333E+01
9.918000E+04	-5.709500E+01
9.924000E+04	-5.711667E+01
9.930000E+04	-5.713833E+01
9.936000E+04	-5.716000E+01
9.942000E+04	-5.718167E+01
9.948000E+04	-5.720333E+01
9.954000E+04	-5.722500E+01
9.960000E+04	-5.724667E+01
9.966000E+04	-5.726833E+01
9.972000E+04	-5.729000E+01
9.978000E+04	-5.731167E+01
9.984000E+04	-5.733333E+01
9.990000E+04	-5.735500E+01
9.996000E+04	-5.737667E+01
1.000200E+05	-5.739833E+01
1.000800E+05	-5.742000E+01
1.001400E+05	-5.744167E+01
1.002000E+05	-5.746333E+01
1.002600E+05	-5.748500E+01
1.003200E+05	-5.750667E+01
1.003800E+05	-5.752833E+01
1.004400E+05	-5.755000E+01
1.005000E+05	-5.757167E+01
1.005600E+05	-5.759333E+01
1.006200E+05	-5.761500E+01
1.006800E+05	-5.763667E+01
1.007400E+05	-5.765833E+01
1.008000E+05	-5.768000E+01
1.008600E+05	-5.768600E+01
1.009200E+05	-5.769200E+01
1.009800E+05	-5.769800E+01
1.010400E+05	-5.770400E+01
1.011000E+05	-5.771000E+01
1.011600E+05	-5.771600E+01
1.012200E+05	-5.772200E+01
1.012800E+05	-5.772800E+01
1.013400E+05	-5.773400E+01
1.014000E+05	-5.774000E+01
1.014600E+05	-5.774600E+01
1.015200E+05	-5.775200E+01
1.015800E+05	-5.775800E+01
1.016400E+05	-5.776400E+01
1.017000E+05	-5.777000E+01
1.017600E+05	-5.777600E+01
1.018200E+05	-5.778200E+01
1.018800E+05	-5.778800E+01
1.019400E+05	-5.779400E+01
1.020000E+05	-5.780000E+01
1.020600E+05	-5.780600E+01
1.021200E+05	-5.781200E+01
1.021800E+05	-5.781800E+01
1.022400E+05	-5.782400E+01
1.023000E+05	-5.783000E+01
1.023600E+05	-5.783600E+01
1.024200E+05	-5.784200E+01
1.024800E+05	-5.784800E+01
1.025400E+05	-5.785400E+01
1.026000E+05	-5.786000E+01
1.026600E+05	-5.790300E+01
1.027200E+05	-5.794600E+01
1.027800E+05	-5.798900E+01
1.028400E+05	-5.803200E+01
1.029000E+05	-5.807500E+01
1.029600E+05	-5.811800E+01
1.030200E+05	-5.816100E+01
1.030800E+05	-5.820400E+01
1.031400E+05	-5.824700E+01
1.032000E+05	-5.829000E+01
1.032600E+05	-5.833300E+01
1.033200E+05	-5.837600E+01
1.033800E+05	-5.841900E+01
1.034400E+05	-5.846200E+01
1.035000E+05	-5.850500E+01
1.035600E+05	-5.854800E+01
1.036200E+05	-5.859100E+01
1.036800E+05	-5.863400E+01
1.037400E+05	-5.867700E+01
1.038000E+05	-5.872000E+01
1.038600E+05	-5.876300E+01
1.039200E+05	-5.880600E+01
1.039800E+05	-5.884900E+01
1.040400E+05	-5.889200E+01
1.041000E+05	-5.893500E+01
1.041600E+05	-5.897800E+01
1.042200E+05	-5.902100E+01
1.042800E+05	-5.906400E+01
1.043400E+05	-5.910700E+01
1.044000E+05	-5.915000E+01
1.044600E+05	-5.916233E+01
1.045200E+05	-5.917467E+01
1.045800E+05	-5.918700E+01
1.046400E+05	-5.919933E+01
1.047000E+05	-5.921167E+01
1.047600E+05	-5.922400E+01
1.048200E+05	-5.923633E+01
1.048800E+05	-5.924867E+01
1.049400E+05	-5.926100E+01
1.050000E+05	-5.927333E+01
1.050600E+05	-5.928567E+01
1.051200E+05	-5.929800E+01
1.051800E+05	-5.931033E+01
1.052400E+05	-5.932267E+01
1.053000E+05	-5.933500E+01
1.053600E+05	-5.934733E+01
1.054200E+05	-5.935967E+01
1.054800E+05	-5.937200E+01
1.055400E+05	-5.938433E+01
1.056000E+05	-5.939667E+01
1.056600E+05	-5.940900E+01
1.057200E+05	-5.942133E+01
1.057800E+05	-5.943367E+01
1.058400E+05	-5.944600E+01
1.059000E+05	-5.945833E+01
1.059600E+05	-5.947067E+01
1.060200E+05	-5.948300E+01
1.060800E+05	-5.949533E+01
1.061400E+05	-5.950767E+01
1.062000E+05	-5.952000E+01
1.062600E+05	-5.954867E+01
1.063200E+05	-5.957733E+01
1.063800E+05	-5.960600E+01
1.064400E+05	-5.963467E+01
1.065000E+05	-5.966333E+01
1.065600E+05	-5.969200E+01
1.066200E+05	-5.972067E+01
1.066800E+05	-5.974933E+01
1.067400E+05	-5.977800E+01
1.068000E+05	-5.980667E+01
1.068600E+05	-5.983533E+01
1.069200E+05	-5.986400E+01
1.069800E+05	-5.989267E+01
1.070400E+05	-5.992133E+01
1.071000E+05	-5.995000E+01
1.071600E+05	-5.997867E+01
1.072200E+05	-6.000733E+01
1.072800E+05	-6.003600E+01
1.073400E+05	-6.006467E+01
1.074000E+05	-6.009333E+01
1.074600E+05	-6.012200E+01
1.075200E+05	-6.015067E+01
1.075800E+05	-6.017933E+01
1.076400E+05	-6.020800E+01
1.077000E+05	-6.023667E+01
1.077600E+05	-6.026533E+01
1.078200E+05	-6.029400E+01
1.078800E+05	-6.032267E+01
1.079400E+05	-6.035133E+01
1.080000E+05	-6.038000E+01
1.080600E+05	-6.042333E+01
1.081200E+05	-6.046667E+01
1.081800E+05	-6.051000E+01
1.082400E+05	-6.055333E+01
1.083000E+05	-6.059667E+01
1.083600E+05	-6.064000E+01
1.084200E+05	-6.068333E+01
1.084800E+05	-6.072667E+01
1.085400E+05	-6.077000E+01
1.086000E+05	-6.081333E+01
1.086600E+05	-6.085667E+01
1.087200E+05	-6.090000E+01
1.087800E+05	-6.094333E+01
1.088400E+05	-6.098667E+01
1.089000E+05	-6.103000E+01
1.089600E+05	-6.107333E+01
1.090200E+05	-6.111667E+01
1.090800E+05	-6.116000E+01
1.091400E+05	-6.120333E+01
1.092000E+05	-6.124667E+01
1.092600E+05	-6.129000E+01
1.093200E+05	-6.133333E+01
1.093800E+05	-6.137667E+01
1.094400E+05	-6.142000E+01
1.095000E+05	-6.146333E+01
1.095600E+05	-6.150667E+01
1.096200E+05	-6.155000E+01
1.096800E+05	-6.159333E+01
1.097400E+05	-6.163667E+01
1.098000E+05	-6.168000E+01
1.098600E+05	-6.171733E+01
1.099200E+05	-6.175467E+01
1.099800E+05	-6.179200E+01
1.100400E+05	-6.182933E+01
1.101000E+05	-6.186667E+01
1.101600E+05	-6.190400E+01
1.102200E+05	-6.194133E+01
1.102800E+05	-6.197867E+01
1.103400E+05	-6.201600E+01
1.104000E+05	-6.205333E+01
1.104600E+05	-6.209067E+01
1.105200E+05	-6.212800E+01
1.105800E+05	-6.216533E+01
1.106400E+05	-6.220267E+01
1.107000E+05	-6.224000E+01
1.107600E+05	-6.227733E+01
1.108200E+05	-6.231467E+01
1.108800E+05	-6.235200E+01
1.109400E+05	-6.238933E+01
1.110000E+05	-6.242667E+01
1.110600E+05	-6.246400E+01
1.111200E+05	-6.250133E+01
1.111800E+05	-6.253867E+01
1.112400E+05	-6.257600E+01
1.113000E+05	-6.261333E+01
1.113600E+05	-6.265067E+01
1.114200E+05	-6.268800E+01
1.114800E+05	-6.272533E+01
1.115400E+05	-6.276267E+01
1.116000E+05	-6.280000E+01
1.116600E+05	-6.280733E+01
1.117200E+05	-6.281467E+01
1.117800E+05	-6.282200E+01
1.118400E+05	-6.282933E+01
1.119000E+05	-6.283667E+01
1.119600E+05	-6.284400E+01
1.120200E+05	-6.285133E+01
1.120800E+05	-6.285867E+01
1.121400E+05	-6.286600E+01
1.122000E+05	-6.287333E+01
1.122600E+05	-6.288067E+01
1.123200E+05	-6.288800E+01
1.123800E+05	-6.289533E+01
1.124400E+05	-6.290267E+01
1.125000E+05	-6.291000E+01
1.125600E+05	-6.291733E+01
1.126200E+05	-6.292467E+01
1.126800E+05	-6.293200E+01
1.127400E+05	-6.293933E+01
1.128000E+05	-6.294667E+01
1.128600E+05	-6.295400E+01
1.129200E+05	-6.296133E+01
1.129800E+05	-6.296867E+01
1.130400E+05	-6.297600E+01
1.131000E+05	-6.298333E+01
1.131600E+05	-6.299067E+01
1.132200E+05	-6.299800E+01
1.132800E+05	-6.300533E+01
1.133400E+05	-6.301267E+01
1.134000E+05	-6.302000E+01
1.134600E+05	-6.299667E+01
1.135200E+05	-6.297333E+01
1.135800E+05	-6.295000E+01
1.136400E+05	-6.292667E+01
1.137000E+05	-6.290333E+01
1.137600E+05	-6.288000E+01
1.138200E+05	-6.285667E+01
1.138800E+05	-6.283333E+01
1.139400E+05	-6.281000E+01
1.140000E+05	-6.278667E+01
1.140600E+05	-6.276333E+01
1.141200E+05	-6.274000E+01
1.141800E+05	-6.271667E+01
1.142400E+05	-6.269333E+01
1.143000E+05	-6.267000E+01
1.143600E+05	-6.264667E+01
1.144200E+05	-6.262333E+01
1.144800E+05	-6.260000E+01
1.145400E+05	-6.257667E+01
1.146000E+05	-6.255333E+01
1.146600E+05	-6.253000E+01
1.147200E+05	-6.250667E+01
1.147800E+05	-6.248333E+01
1.148400E+05	-6.246000E+01
1.149000E+05	-6.243667E+01
1.149600E+05	-6.241333E+01
1.150200E+05	-6.239000E+01
1.150800E+05	-6.236667E+01
1.151400E+05	-6.234333E+01
1.152000E+05	-6.232000E+01
1.152600E+05	-6.230900E+01
1.153200E+05	-6.229800E+01
1.153800E+05	-6.228700E+01
1.154400E+05	-6.227600E+01
1.155000E+05	-6.226500E+01
1.155600E+05	-6.225400E+01
1.156200E+05	-6.224300E+01
1.156800E+05	-6.223200E+01
1.157400E+05	-6.222100E+01
1.158000E+05	-6.221000E+01
1.158600E+05	-6.219900E+01
1.159200E+05	-6.218800E+01
1.159800E+05	-6.217700E+01
1.160400E+05	-6.216600E+01
1.161000E+05	-6.215500E+01
1.161600E+05	-6.214400E+01
1.162200E+05	-6.213300E+01
1.162800E+05	-6.212200E+01
1.163400E+05	-6.211100E+01
1.164000E+05	-6.210000E+01
1.164600E+05	-6.208900E+01
1.165200E+05	-6.207800E+01
1.165800E+05	-6.206700E+01
1.166400E+05	-6.205600E+01
1.167000E+05	-6.204500E+01
1.167600E+05	-6.203400E+01
1.168200E+05	-6.202300E+01
1.168800E+05	-6.201200E+01
1.169400E+05	-6.200100E+01
1.170000E+05	-6.199000E+01
1.170600E+05	-6.189234E+01
1.171200E+05	-6.179467E+01
1.171800E+05	-6.169700E+01
1.172400E+05	-6.159933E+01
1.173000E+05	-6.150167E+01
1.173600E+05	-6.140400E+01
1.174200E+05	-6.130633E+01
1.174800E+05	-6.120867E+01
1.175400E+05	-6.111100E+01
1.176000E+05	-6.101333E+01
1.176600E+05	-6.091567E+01
1.177200E+05	-6.081800E+01
1.177800E+05	-6.072033E+01
1.178400E+05	-6.062267E+01
1.179000E+05	-6.052500E+01
1.179600E+05	-6.042733E+01
1.180200E+05	-6.032967E+01
1.180800E+05	-6.023200E+01
1.181400E+05	-6.013433E+01
1.182000E+05	-6.003667E+01
1.182600E+05	-5.993900E+01
1.183200E+05	-5.984133E+01
1.183800E+05	-5.974367E+01
1.184400E+05	-5.964600E+01
1.185000E+05	-5.954833E+01
1.185600E+05	-5.945067E+01
1.186200E+05	-5.935300E+01
1.186800E+05	-5.925533E+01
1.187400E+05	-5.915767E+01
1.188000E+05	-5.906000E+01
1.188600E+05	-5.904100E+01
1.189200E+05	-5.902200E+01
1.189800E+05	-5.900300E+01
1.190400E+05	-5.898400E+01
1.191000E+05	-5.896500E+01
1.191600E+05	-5.894600E+01
1.192200E+05	-5.892700E+01
1.192800E+05	-5.890800E+01
1.193400E+05	-5.888900E+01
1.194000E+05	-5.887000E+01
1.194600E+05	-5.885100E+01
1.195200E+05	-5.883200E+01
1.195800E+05	-5.881300E+01
1.196400E+05	-5.879400E+01
1.197000E+05	-5.877500E+01
1.197600E+05	-5.875600E+01
1.198200E+05	-5.873700E+01
1.198800E+05	-5.871800E+01
1.199400E+05	-5.869900E+01
1.200000E+05	-5.868000E+01
1.200600E+05	-5.866100E+01
1.201200E+05	-5.864200E+01
1.201800E+05	-5.862300E+01
1.202400E+05	-5.860400E+01
1.203000E+05	-5.858500E+01
1.203600E+05	-5.856600E+01
1.204200E+05	-5.854700E+01
1.204800E+05	-5.852800E+01
1.205400E+05	-5.850900E+01
1.206000E+05	-5.849000E+01
1.206600E+05	-5.851100E+01
1.207200E+05	-5.853200E+01
1.207800E+05	-5.855300E+01
1.208400E+05	-5.857400E+01
1.209000E+05	-5.859500E+01
1.209600E+05	-5.861600E+01
1.210200E+05	-5.863700E+01
1.210800E+05	-5.865800E+01
1.211400E+05	-5.867900E+01
1.212000E+05	-5.870000E+01
1.212600E+05	-5.872100E+01
1.213200E+05	-5.874200E+01
1.213800E+05	-5.876300E+01
1.214400E+05	-5.878400E+01
1.215000E+05	-5.880500E+01
1.215600E+05	-5.882600E+01
1.216200E+05	-5.884700E+01
1.216800E+05	-5.886800E+01
1.217400E+05	-5.888900E+01
1.218000E+05	-5.891000E+01
1.218600E+05	-5.893100E+01
1.219200E+05	-5.895200E+01
1.219800E+05	-5.897300E+01
1.220400E+05	-5.899400E+01
1.221000E+05	-5.901500E+01
1.221600E+05	-5.903600E+01
1.222200E+05	-5.905700E+01
1.222800E+05	-5.907800E+01
1.223400E+05	-5.909900E+01
1.224000E+05	-5.912000E+01
1.224600E+05	-5.911300E+01
1.225200E+05	-5.910600E+01
1.225800E+05	-5.909900E+01
1.226400E+05	-5.909200E+01
1.227000E+05	-5.908500E+01
1.227600E+05	-5.907800E+01
1.228200E+05	-5.907100E+01
1.228800E+05	-5.906400E+01
1.229400E+05	-5.905700E+01
1.230000E+05	-5.905000E+01
1.230600E+05	-5.904300E+01
1.231200E+05	-5.903600E+01
1.231800E+05	-5.902900E+01
1.232400E+05	-5.902200E+01
1.233000E+05	-5.901500E+01
1.233600E+05	-5.900800E+01
1.234200E+05	-5.900100E+01
1.234800E+05	-5.899400E+01
1.235400E+05	-5.898700E+01
1.236000E+05	-5.898000E+01
1.236600E+05	-5.897300E+01
1.237200E+05	-5.896600E+01
1.237800E+05	-5.895900E+01
1.238400E+05	-5.895200E+01
1.239000E+05	-5.894500E+01
1.239600E+05	-5.893800E+01
1.240200E+05	-5.893100E+01
1.240800E+05	-5.892400E+01
1.241400E+05	-5.891700E+01
1.242000E+05	-5.891000E+01
1.242600E+05	-5.886900E+01
1.243200E+05	-5.882800E+01
1.243800E+05	-5.878700E+01
1.244400E+05	-5.874600E+01
1.245000E+05	-5.870500E+01
1.245600E+05	-5.866400E+01
1.246200E+05	-5.862300E+01
1.246800E+05	-5.858200E+01
1.247400E+05	-5.854100E+01
1.248000E+05	-5.850000E+01
1.248600E+05	-5.845900E+01
1.249200E+05	-5.841800E+01
1.249800E+05	-5.837700E+01
1.250400E+05	-5.833600E+01
1.251000E+05	-5.829500E+01
1.251600E+05	-5.825400E+01
1.252200E+05	-5.821300E+01
1.252800E+05	-5.817200E+01
1.253400E+05	-5.813100E+01
1.254000E+05	-5.809000E+01
1.254600E+05	-5.804900E+01
1.255200E+05	-5.800800E+01
1.255800E+05	-5.796700E+01
1.256400E+05	-5.792600E+01
1.257000E+05	-5.788500E+01
1.257600E+05	-5.784400E+01
1.258200E+05	-5.780300E+01
1.258800E+05	-5.776200E+01
1.259400E+05	-5.772100E+01
1.260000E+05	-5.768000E+01
1.260600E+05	-5.758533E+01
1.261200E+05	-5.749067E+01
1.261800E+05	-5.739600E+01
1.262400E+05	-5.730133E+01
1.263000E+05	-5.720667E+01
1.263600E+05	-5.711200E+01
1.264200E+05	-5.701733E+01
1.264800E+05	-5.692267E+01
1.265400E+05	-5.682800E+01
1.266000E+05	-5.673333E+01
1.266600E+05	-5.663867E+01
1.267200E+05	-5.654400E+01
1.267800E+05	-5.644933E+01
1.268400E+05	-5.635467E+01
1.269000E+05	-5.626000E+01
1.269600E+05	-5.616533E+01
1.270200E+05	-5.607067E+01
1.270800E+05	-5.597600E+01
1.271400E+05	-5.588133E+01
1.272000E+05	-5.578667E+01
1.272600E+05	-5.569200E+01
1.273200E+05	-5.559733E+01
1.273800E+05	-5.550267E+01
1.274400E+05	-5.540800E+01
1.275000E+05	-5.531333E+01
1.275600E+05	-5.521867E+01
1.276200E+05	-5.512400E+01
1.276800E+05	-5.502933E+01
1.277400E+05	-5.493467E+01
1.278000E+05	-5.484000E+01
1.278600E+05	-5.485567E+01
1.279200E+05	-5.487133E+01
1.279800E+05	-5.488700E+01
1.280400E+05	-5.490267E+01
1.281000E+05	-5.491833E+01
1.281600E+05	-5.493400E+01
1.282200E+05	-5.494967E+01
1.282800E+05	-5.496533E+01
1.283400E+05	-5.498100E+01
1.284000E+05	-5.499667E+01
1.284600E+05	-5.501233E+01
1.285200E+05	-5.502800E+01
1.285800E+05	-5.504367E+01
1.286400E+05	-5.505933E+01
1.287000E+05	-5.507500E+01
1.287600E+05	-5.509067E+01
1.288200E+05	-5.510633E+01
1.288800E+05	-5.512200E+01
1.289400E+05	-5.513767E+01
1.290000E+05	-5.515333E+01
1.290600E+05	-5.516900E+01
1.291200E+05	-5.518467E+01
1.291800E+05	-5.520033E+01
1.292400E+05	-5.521600E+01
1.293000E+05	-5.523167E+01
1.293600E+05	-5.524733E+01
1.294200E+05	-5.526300E+01
1.294800E+05	-5.527867E+01
1.295400E+05	-5.529433E+01
1.296000E+05	-5.531000E+01
1.296600E+05	-5.530000E+01
1.297200E+05	-5.529000E+01
1.297800E+05	-5.528000E+01
1.298400E+05	-5.527000E+01
1.299000E+05	-5.526000E+01
1.299600E+05	-5.525000E+01
1.300200E+05	-5.524000E+01
1.300800E+05	-5.523000E+01
1.301400E+05	-5.522000E+01
1.302000E+05	-5.521000E+01
1.302600E+05	-5.520000E+01
1.303200E+05	-5.519000E+01
1.303800E+05	-5.518000E+01
1.304400E+05	-5.517000E+01
1.305000E+05	-5.516000E+01
1.305600E+05	-5.515000E+01
1.306200E+05	-5.514000E+01
1.306800E+05	-5.513000E+01
1.307400E+05	-5.512000E+01
1.308000E+05	-5.511000E+01
1.308600E+05	-5.510000E+01
1.309200E+05	-5.509000E+01
1.309800E+05	-5.508000E+01
1.310400E+05	-5.507000E+01
1.311000E+05	-5.506000E+01
1.311600E+05	-5.505000E+01
1.312200E+05	-5.504000E+01
1.312800E+05	-5.503000E+01
1.313400E+05	-5.502000E+01
1.314000E+05	-5.501000E+01
1.314600E+05	-5.424300E+01
1.315200E+05	-5.347600E+01
1.315800E+05	-5.270900E+01
1.316400E+05	-5.194200E+01
1.317000E+05	-5.117500E+01
1.317600E+05	-5.040800E+01
1.318200E+05	-4.964100E+01
1.318800E+05	-4.887400E+01
1.319400E+05	-4.810700E+01
1.320000E+05	-4.734000E+01
1.320600E+05	-4.657300E+01
1.321200E+05	-4.580600E+01
1.321800E+05	-4.503900E+01
1.322400E+05	-4.427200E+01
1.323000E+05	-4.350500E+01
1.323600E+05	-4.273800E+01
1.324200E+05	-4.197100E+01
1.324800E+05	-4.120400E+01
1.325400E+05	-4.043700E+01
1.326000E+05	-3.967000E+01
1.326600E+05	-3.890300E+01
1.327200E+05	-3.813600E+01
1.327800E+05	-3.736900E+01
1.328400E+05	-3.660200E+01
1.329000E+05	-3.583500E+01
1.329600E+05	-3.506800E+01
1.330200E+05	-3.430100E+01
1.330800E+05	-3.353400E+01
1.331400E+05	-3.276700E+01
1.332000E+05	-3.200000E+01
1.332600E+05	-3.071253E+01
1.333200E+05	-2.942507E+01
1.333800E+05	-2.813760E+01
1.334400E+05	-2.685013E+01
1.335000E+05	-2.556267E+01
1.335600E+05	-2.427520E+01
1.336200E+05	-2.298773E+01
1.336800E+05	-2.170027E+01
1.337400E+05	-2.041280E+01
1.338000E+05	-1.912533E+01
1.338600E+05	-1.783787E+01
1.339200E+05	-1.655040E+01
1.339800E+05	-1.526293E+01
1.340400E+05	-1.397547E+01
1.341000E+05	-1.268800E+01
1.341600E+05	-1.140053E+01
1.342200E+05	-1.011307E+01
1.342800E+05	-8.825600E+00
1.343400E+05	-7.538133E+00
1.344000E+05	-6.250667E+00
1.344600E+05	-4.963200E+00
1.345200E+05	-3.675733E+00
1.345800E+05	-2.388267E+00
1.346400E+05	-1.100800E+00
1.347000E+05	 1.866667E-01
1.347600E+05	 1.474133E+00
1.348200E+05	 2.761600E+00
1.348800E+05	 4.049067E+00
1.349400E+05	 5.336533E+00
1.350000E+05	 6.624000E+00
1.350600E+05	 7.820533E+00
1.351200E+05	 9.017067E+00
1.351800E+05	 1.021360E+01
1.352400E+05	 1.141013E+01
1.353000E+05	 1.260667E+01
1.353600E+05	 1.380320E+01
1.354200E+05	 1.499973E+01
1.354800E+05	 1.619627E+01
1.355400E+05	 1.739280E+01
1.356000E+05	 1.858933E+01
1.356600E+05	 1.978587E+01
1.357200E+05	 2.098240E+01
1.357800E+05	 2.217893E+01
1.358400E+05	 2.337547E+01
1.359000E+05	 2.457200E+01
1.359600E+05	 2.576853E+01
1.360200E+05	 2.696507E+01
1.360800E+05	 2.816160E+01
1.361400E+05	 2.935813E+01
1.362000E+05	 3.055467E+01
1.362600E+05	 3.175120E+01
1.363200E+05	 3.294773E+01
1.363800E+05	 3.414427E+01
1.364400E+05	 3.534080E+01
1.365000E+05	 3.653733E+01
1.365600E+05	 3.773387E+01
1.366200E+05	 3.893040E+01
1.366800E+05	 4.012693E+01
1.367400E+05	 4.132347E+01
1.368000E+05	 4.252000E+01
1.368600E+05	 4.629600E+01
1.369200E+05	 5.007200E+01
1.369800E+05	 5.384800E+01
1.370400E+05	 5.762400E+01
1.371000E+05	 6.140000E+01
1.371600E+05	 6.517600E+01
1.372200E+05	 6.895200E+01
1.372800E+05	 7.272800E+01
1.373400E+05	 7.650400E+01
1.374000E+05	 8.028000E+01
1.374600E+05	 8.405600E+01
1.375200E+05	 8.783200E+01
1.375800E+05	 9.160800E+01
1.376400E+05	 9.538400E+01
1.377000E+05	 9.916000E+01
1.377600E+05	 1.029360E+02
1.378200E+05	 1.067120E+02
1.378800E+05	 1.104880E+02
1.379400E+05	 1.142640E+02
1.380000E+05	 1.180400E+02
1.380600E+05	 1.218160E+02
1.381200E+05	 1.255920E+02
1.381800E+05	 1.293680E+02
1.382400E+05	 1.331440E+02
1.383000E+05	 1.369200E+02
1.383600E+05	 1.406960E+02
1.384200E+05	 1.444720E+02
1.384800E+05	 1.482480E+02
1.385400E+05	 1.520240E+02
1.386000E+05	 1.558000E+02
1.386600E+05	 1.575267E+02
1.387200E+05	 1.592533E+02
1.387800E+05	 1.609800E+02
1.388400E+05	 1.627067E+02
1.389000E+05	 1.644333E+02
1.389600E+05	 1.661600E+02
1.390200E+05	 1.678867E+02
1.390800E+05	 1.696133E+02
1.391400E+05	 1.713400E+02
1.392000E+05	 1.730667E+02
1.392600E+05	 1.747933E+02
1.393200E+05	 1.765200E+02
1.393800E+05	 1.782467E+02
1.394400E+05	 1.799733E+02
1.395000E+05	 1.817000E+02
1.395600E+05	 1.834267E+02
1.396200E+05	 1.851533E+02
1.396800E+05	 1.868800E+02
1.397400E+05	 1.886067E+02
1.398000E+05	 1.903333E+02
1.398600E+05	 1.920600E+02
1.399200E+05	 1.937867E+02
1.399800E+05	 1.955133E+02
1.400400E+05	 1.972400E+02
1.401000E+05	 1.989667E+02
1.401600E+05	 2.006933E+02
1.402200E+05	 2.024200E+02
1.402800E+05	 2.041467E+02
1.403400E+05	 2.058733E+02
1.404000E+05	 2.076000E+02
1.404600E+05	 2.105300E+02
1.405200E+05	 2.134600E+02
1.405800E+05	 2.163900E+02
1.406400E+05	 2.193200E+02
1.407000E+05	 2.222500E+02
1.407600E+05	 2.251800E+02
1.408200E+05	 2.281100E+02
1.408800E+05	 2.310400E+02
1.409400E+05	 2.339700E+02
1.410000E+05	 2.369000E+02
1.410600E+05	 2.398300E+02
1.411200E+05	 2.427600E+02
1.411800E+05	 2.456900E+02
1.412400E+05	 2.486200E+02
1.413000E+05	 2.515500E+02
1.413600E+05	 2.544800E+02
1.414200E+05	 2.574100E+02
1.414800E+05	 2.603400E+02
1.415400E+05	 2.632700E+02
1.416000E+05	 2.662000E+02
1.416600E+05	 2.691300E+02
1.417200E+05	 2.720600E+02
1.417800E+05	 2.749900E+02
1.418400E+05	 2.779200E+02
1.419000E+05	 2.808500E+02
1.419600E+05	 2.837800E+02
1.420200E+05	 2.867100E+02
1.420800E+05	 2.896400E+02
1.421400E+05	 2.925700E+02
1.422000E+05	 2.955000E+02
1.422600E+05	 2.968233E+02
1.423200E+05	 2.981467E+02
1.423800E+05	 2.994700E+02
1.424400E+05	 3.007933E+02
1.425000E+05	 3.021167E+02
1.425600E+05	 3.034400E+02
1.426200E+05	 3.047633E+02
1.426800E+05	 3.060867E+02
1.427400E+05	 3.074100E+02
1.428000E+05	 3.087333E+02
1.428600E+05	 3.100567E+02
1.429200E+05	 3.113800E+02
1.429800E+05	 3.127033E+02
1.430400E+05	 3.140267E+02
1.431000E+05	 3.153500E+02
1.431600E+05	 3.166733E+02
1.432200E+05	 3.179967E+02
1.432800E+05	 3.193200E+02
1.433400E+05	 3.206433E+02
1.434000E+05	 3.219667E+02
1.434600E+05	 3.232900E+02
1.435200E+05	 3.246133E+02
1.435800E+05	 3.259367E+02
1.436400E+05	 3.272600E+02
1.437000E+05	 3.285833E+02
1.437600E+05	 3.299067E+02
1.438200E+05	 3.312300E+02
1.438800E+05	 3.325533E+02
1.439400E+05	 3.338767E+02
1.440000E+05	 3.352000E+02
1.440600E+05	 3.367333E+02
1.441200E+05	 3.382667E+02
1.441800E+05	 3.398000E+02
1.442400E+05	 3.413333E+02
1.443000E+05	 3.428667E+02
1.443600E+05	 3.444000E+02
1.444200E+05	 3.459333E+02
1.444800E+05	 3.474667E+02
1.445400E+05	 3.490000E+02
1.446000E+05	 3.505333E+02
1.446600E+05	 3.520667E+02
1.447200E+05	 3.536000E+02
1.447800E+05	 3.551333E+02
1.448400E+05	 3.566667E+02
1.449000E+05	 3.582000E+02
1.449600E+05	 3.597333E+02
1.450200E+05	 3.612667E+02
1.450800E+05	 3.628000E+02
1.451400E+05	 3.643333E+02
1.452000E+05	 3.658667E+02
1.452600E+05	 3.674000E+02
1.453200E+05	 3.689333E+02
1.453800E+05	 3.704667E+02
1.454400E+05	 3.720000E+02
1.455000E+05	 3.735333E+02
1.455600E+05	 3.750667E+02
1.456200E+05	 3.766000E+02
1.456800E+05	 3.781333E+02
1.457400E+05	 3.796667E+02
1.458000E+05	 3.812000E+02
1.458600E+05	 3.765333E+02
1.459200E+05	 3.718667E+02
1.459800E+05	 3.672000E+02
1.460400E+05	 3.625333E+02
1.461000E+05	 3.578667E+02
1.461600E+05	 3.532000E+02
1.462200E+05	 3.485333E+02
1.462800E+05	 3.438667E+02
1.463400E+05	 3.392000E+02
1.464000E+05	 3.345333E+02
1.464600E+05	 3.298667E+02
1.465200E+05	 3.252000E+02
1.465800E+05	 3.205333E+02
1.466400E+05	 3.158667E+02
1.467000E+05	 3.112000E+02
1.467600E+05	 3.065333E+02
1.468200E+05	 3.018667E+02
1.468800E+05	 2.972000E+02
1.469400E+05	 2.925333E+02
1.470000E+05	 2.878667E+02
1.470600E+05	 2.832000E+02
1.471200E+05	 2.785333E+02
1.471800E+05	 2.738667E+02
1.472400E+05	 2.692000E+02
1.473000E+05	 2.645333E+02
1.473600E+05	 2.598667E+02
1.474200E+05	 2.552000E+02
1.474800E+05	 2.505333E+02
1.475400E+05	 2.458667E+02
1.476000E+05	 2.412000E+02
1.476600E+05	 2.461033E+02
1.477200E+05	 2.510067E+02
1.477800E+05	 2.559100E+02
1.478400E+05	 2.608133E+02
1.479000E+05	 2.657167E+02
1.479600E+05	 2.706200E+02
1.480200E+05	 2.755233E+02
1.480800E+05	 2.804267E+02
1.481400E+05	 2.853300E+02
1.482000E+05	 2.902333E+02
1.482600E+05	 2.951367E+02
1.483200E+05	 3.000400E+02
1.483800E+05	 3.049433E+02
1.484400E+05	 3.098467E+02
1.485000E+05	 3.147500E+02
1.485600E+05	 3.196533E+02
1.486200E+05	 3.245567E+02
1.486800E+05	 3.294600E+02
1.487400E+05	 3.343633E+02
1.488000E+05	 3.392667E+02
1.488600E+05	 3.441700E+02
1.489200E+05	 3.490733E+02
1.489800E+05	 3.539767E+02
1.490400E+05	 3.588800E+02
1.491000E+05	 3.637833E+02
1.491600E+05	 3.686867E+02
1.492200E+05	 3.735900E+02
1.492800E+05	 3.784933E+02
1.493400E+05	 3.833967E+02
1.494000E+05	 3.883000E+02
1.494600E+05	 3.922033E+02
1.495200E+05	 3.961067E+02
1.495800E+05	 4.000100E+02
1.496400E+05	 4.039133E+02
1.497000E+05	 4.078167E+02
1.497600E+05	 4.117200E+02
1.498200E+05	 4.156233E+02
1.498800E+05	 4.195267E+02
1.499400E+05	 4.234300E+02
1.500000E+05	 4.273333E+02
1.500600E+05	 4.312367E+02
1.501200E+05	 4.351400E+02
1.501800E+05	 4.390433E+02
1.502400E+05	 4.429467E+02
1.503000E+05	 4.468500E+02
1.503600E+05	 4.507533E+02
1.504200E+05	 4.546567E+02
1.504800E+05	 4.585600E+02
1.505400E+05	 4.624633E+02
1.506000E+05	 4.663667E+02
1.506600E+05	 4.702700E+02
1.507200E+05	 4.741733E+02
1.507800E+05	 4.780767E+02
1.508400E+05	 4.819800E+02
1.509000E+05	 4.858833E+02
1.509600E+05	 4.897867E+02
1.510200E+05	 4.936900E+02
1.510800E+05	 4.975933E+02
1.511400E+05	 5.014967E+02
1.512000E+05	 5.054000E+02
1.512600E+05	 5.044500E+02
1.513200E+05	 5.035000E+02
1.513800E+05	 5.025500E+02
1.514400E+05	 5.016000E+02
1.515000E+05	 5.006500E+02
1.515600E+05	 4.997000E+02
1.516200E+05	 4.987500E+02
1.516800E+05	 4.978000E+02
1.517400E+05	 4.968500E+02
1.518000E+05	 4.959000E+02
1.518600E+05	 4.949500E+02
1.519200E+05	 4.940000E+02
1.519800E+05	 4.930500E+02
1.520400E+05	 4.921000E+02
1.521000E+05	 4.911500E+02
1.521600E+05	 4.902000E+02
1.522200E+05	 4.892500E+02
1.522800E+05	 4.883000E+02
1.523400E+05	 4.873500E+02
1.524000E+05	 4.864000E+02
1.524600E+05	 4.854500E+02
1.525200E+05	 4.845000E+02
1.525800E+05	 4.835500E+02
1.526400E+05	 4.826000E+02
1.527000E+05	 4.816500E+02
1.527600E+05	 4.807000E+02
1.528200E+05	 4.797500E+02
1.528800E+05	 4.788000E+02
1.529400E+05	 4.778500E+02
1.530000E+05	 4.769000E+02
1.530600E+05	 4.748100E+02
1.531200E+05	 4.727200E+02
1.531800E+05	 4.706300E+02
1.532400E+05	 4.685400E+02
1.533000E+05	 4.664500E+02
1.533600E+05	 4.643600E+02
1.534200E+05	 4.622700E+02
1.534800E+05	 4.601800E+02
1.535400E+05	 4.580900E+02
1.536000E+05	 4.560000E+02
1.536600E+05	 4.539100E+02
1.537200E+05	 4.518200E+02
1.537800E+05	 4.497300E+02
1.538400E+05	 4.476400E+02
1.539000E+05	 4.455500E+02
1.539600E+05	 4.434600E+02
1.540200E+05	 4.413700E+02
1.540800E+05	 4.392800E+02
1.541400E+05	 4.371900E+02
1.542000E+05	 4.351000E+02
1.542600E+05	 4.330100E+02
1.543200E+05	 4.309200E+02
1.543800E+05	 4.288300E+02
1.544400E+05	 4.267400E+02
1.545000E+05	 4.246500E+02
1.545600E+05	 4.225600E+02
1.546200E+05	 4.204700E+02
1.546800E+05	 4.183800E+02
1.547400E+05	 4.162900E+02
1.548000E+05	 4.142000E+02
1.548600E+05	 4.120933E+02
1.549200E+05	 4.099867E+02
1.549800E+05	 4.078800E+02
1.550400E+05	 4.057733E+02
1.551000E+05	 4.036667E+02
1.551600E+05	 4.015600E+02
1.552200E+05	 3.994533E+02
1.552800E+05	 3.973467E+02
1.553400E+05	 3.952400E+02
1.554000E+05	 3.931333E+02
1.554600E+05	 3.910267E+02
1.555200E+05	 3.889200E+02
1.555800E+05	 3.868133E+02
1.556400E+05	 3.847067E+02
1.557000E+05	 3.826000E+02
1.557600E+05	 3.804933E+02
1.558200E+05	 3.783867E+02
1.558800E+05	 3.762800E+02
1.559400E+05	 3.741733E+02
1.560000E+05	 3.720667E+02
1.560600E+05	 3.699600E+02
1.561200E+05	 3.678533E+02
1.561800E+05	 3.657467E+02
1.562400E+05	 3.636400E+02
1.563000E+05	 3.615333E+02
1.563600E+05	 3.594267E+02
1.564200E+05	 3.573200E+02
1.564800E+05	 3.552133E+02
1.565400E+05	 3.531067E+02
1.566000E+05	 3.510000E+02
1.566600E+05	 3.499067E+02
1.567200E+05	 3.488133E+02
1.567800E+05	 3.477200E+02
1.568400E+05	 3.466267E+02
1.569000E+05	 3.455333E+02
1.569600E+05	 3.444400E+02
1.570200E+05	 3.433467E+02
1.570800E+05	 3.422533E+02
1.571400E+05	 3.411600E+02
1.572000E+05	 3.400667E+02
1.572600E+05	 3.389733E+02
1.573200E+05	 3.378800E+02
1.573800E+05	 3.367867E+02
1.574400E+05	 3.356933E+02
1.575000E+05	 3.346000E+02
1.575600E+05	 3.335067E+02
1.576200E+05	 3.324133E+02
1.576800E+05	 3.313200E+02
1.577400E+05	 3.302267E+02
1.578000E+05	 3.291333E+02
1.578600E+05	 3.280400E+02
1.579200E+05	 3.269467E+02
1.579800E+05	 3.258533E+02
1.580400E+05	 3.247600E+02
1.581000E+05	 3.236667E+02
1.581600E+05	 3.225733E+02
1.582200E+05	 3.214800E+02
1.582800E+05	 3.203867E+02
1.583400E+05	 3.192933E+02
1.584000E+05	 3.182000E+02
1.584600E+05	 3.126833E+02
1.585200E+05	 3.071667E+02
1.585800E+05	 3.016500E+02
1.586400E+05	 2.961333E+02
1.587000E+05	 2.906167E+02
1.587600E+05	 2.851000E+02
1.588200E+05	 2.795833E+02
1.588800E+05	 2.740667E+02
1.589400E+05	 2.685500E+02
1.590000E+05	 2.630333E+02
1.590600E+05	 2.575167E+02
1.591200E+05	 2.520000E+02
1.591800E+05	 2.464833E+02
1.592400E+05	 2.409667E+02
1.593000E+05	 2.354500E+02
1.593600E+05	 2.299333E+02
1.594200E+05	 2.244167E+02
1.594800E+05	 2.189000E+02
1.595400E+05	 2.133833E+02
1.596000E+05	 2.078667E+02
1.596600E+05	 2.023500E+02
1.597200E+05	 1.968333E+02
1.597800E+05	 1.913167E+02
1.598400E+05	 1.858000E+02
1.599000E+05	 1.802833E+02
1.599600E+05	 1.747667E+02
1.600200E+05	 1.692500E+02
1.600800E+05	 1.637333E+02
1.601400E+05	 1.582167E+02
1.602000E+05	 1.527000E+02
1.602600E+05	 1.534467E+02
1.603200E+05	 1.541933E+02
1.603800E+05	 1.549400E+02
1.604400E+05	 1.556867E+02
1.605000E+05	 1.564333E+02
1.605600E+05	 1.571800E+02
1.606200E+05	 1.579267E+02
1.606800E+05	 1.586733E+02
1.607400E+05	 1.594200E+02
1.608000E+05	 1.601667E+02
1.608600E+05	 1.609133E+02
1.609200E+05	 1.616600E+02
1.609800E+05	 1.624067E+02
1.610400E+05	 1.631533E+02
1.611000E+05	 1.639000E+02
1.611600E+05	 1.646467E+02
1.612200E+05	 1.653933E+02
1.612800E+05	 1.661400E+02
1.613400E+05	 1.668867E+02
1.614000E+05	 1.676333E+02
1.614600E+05	 1.683800E+02
1.615200E+05	 1.691267E+02
1.615800E+05	 1.698733E+02
1.616400E+05	 1.706200E+02
1.617000E+05	 1.713667E+02
1.617600E+05	 1.721133E+02
1.618200E+05	 1.728600E+02
1.618800E+05	 1.736067E+02
1.619400E+05	 1.743533E+02
1.620000E+05	 1.751000E+02
1.620600E+05	 1.718367E+02
1.621200E+05	 1.685733E+02
1.621800E+05	 1.653100E+02
1.622400E+05	 1.620467E+02
1.623000E+05	 1.587833E+02
1.623600E+05	 1.555200E+02
1.624200E+05	 1.522567E+02
1.624800E+05	 1.489933E+02
1.625400E+05	 1.457300E+02
1.626000E+05	 1.424667E+02
1.626600E+05	 1.392033E+02
1.627200E+05	 1.359400E+02
1.627800E+05	 1.326767E+02
1.628400E+05	 1.294133E+02
1.629000E+05	 1.261500E+02
1.629600E+05	 1.228867E+02
1.630200E+05	 1.196233E+02
1.630800E+05	 1.163600E+02
1.631400E+05	 1.130967E+02
1.632000E+05	 1.098333E+02
1.632600E+05	 1.065700E+02
1.633200E+05	 1.033067E+02
1.633800E+05	 1.000433E+02
1.634400E+05	 9.678000E+01
1.635000E+05	 9.351667E+01
1.635600E+05	 9.025333E+01
1.636200E+05	 8.699000E+01
1.636800E+05	 8.372666E+01
1.637400E+05	 8.046333E+01
1.638000E+05	 7.720000E+01
1.638600E+05	 7.557133E+01
1.639200E+05	 7.394266E+01
1.639800E+05	 7.231400E+01
1.640400E+05	 7.068533E+01
1.641000E+05	 6.905666E+01
1.641600E+05	 6.742800E+01
1.642200E+05	 6.579933E+01
1.642800E+05	 6.417066E+01
1.643400E+05	 6.254200E+01
1.644000E+05	 6.091333E+01
1.644600E+05	 5.928466E+01
1.645200E+05	 5.765600E+01
1.645800E+05	 5.602733E+01
1.646400E+05	 5.439867E+01
1.647000E+05	 5.277000E+01
1.647600E+05	 5.114133E+01
1.648200E+05	 4.951267E+01
1.648800E+05	 4.788400E+01
1.649400E+05	 4.625533E+01
1.650000E+05	 4.462667E+01
1.650600E+05	 4.299800E+01
1.651200E+05	 4.136933E+01
1.651800E+05	 3.974067E+01
1.652400E+05	 3.811200E+01
1.653000E+05	 3.648333E+01
1.653600E+05	 3.485467E+01
1.654200E+05	 3.322600E+01
1.654800E+05	 3.159733E+01
1.655400E+05	 2.996867E+01
1.656000E+05	 2.834000E+01
1.656600E+05	 2.745320E+01
1.657200E+05	 2.656640E+01
1.657800E+05	 2.567960E+01
1.658400E+05	 2.479280E+01
1.659000E+05	 2.390600E+01
1.659600E+05	 2.301920E+01
1.660200E+05	 2.213240E+01
1.660800E+05	 2.124560E+01
1.661400E+05	 2.035880E+01
1.662000E+05	 1.947200E+01
1.662600E+05	 1.858520E+01
1.663200E+05	 1.769840E+01
1.663800E+05	 1.681160E+01
1.664400E+05	 1.592480E+01
1.665000E+05	 1.503800E+01
1.665600E+05	 1.415120E+01
1.666200E+05	 1.326440E+01
1.666800E+05	 1.237760E+01
1.667400E+05	 1.149080E+01
1.668000E+05	 1.060400E+01
1.668600E+05	 9.717200E+00
1.669200E+05	 8.830400E+00
1.669800E+05	 7.943600E+00
1.670400E+05	 7.056800E+00
1.671000E+05	 6.170000E+00
1.671600E+05	 5.283200E+00
1.672200E+05	 4.396400E+00
1.672800E+05	 3.509600E+00
1.673400E+05	 2.622800E+00
1.674000E+05	 1.736000E+00
1.674600E+05	 9.394666E-01
1.675200E+05	 1.429333E-01
1.675800E+05	-6.536000E-01
1.676400E+05	-1.450133E+00
1.677000E+05	-2.246667E+00
1.677600E+05	-3.043200E+00
1.678200E+05	-3.839733E+00
1.678800E+05	-4.636267E+00
1.679400E+05	-5.432800E+00
1.680000E+05	-6.229333E+00
1.680600E+05	-7.025867E+00
1.681200E+05	-7.822400E+00
1.681800E+05	-8.618933E+00
1.682400E+05	-9.415467E+00
1.683000E+05	-1.021200E+01
1.683600E+05	-1.100853E+01
1.684200E+05	-1.180507E+01
1.684800E+05	-1.260160E+01
1.685400E+05	-1.339813E+01
1.686000E+05	-1.419467E+01
1.686600E+05	-1.499120E+01
1.687200E+05	-1.578773E+01
1.687800E+05	-1.658427E+01
1.688400E+05	-1.738080E+01
1.689000E+05	-1.817733E+01
1.689600E+05	-1.897387E+01
1.690200E+05	-1.977040E+01
1.690800E+05	-2.056693E+01
1.691400E+05	-2.136347E+01
1.692000E+05	-2.216000E+01
1.692600E+05	-2.211633E+01
1.693200E+05	-2.207267E+01
1.693800E+05	-2.202900E+01
1.694400E+05	-2.198533E+01
1.695000E+05	-2.194167E+01
1.695600E+05	-2.189800E+01
1.696200E+05	-2.185433E+01
1.696800E+05	-2.181067E+01
1.697400E+05	-2.176700E+01
1.698000E+05	-2.172333E+01
1.698600E+05	-2.167967E+01
1.699200E+05	-2.163600E+01
1.699800E+05	-2.159233E+01
1.700400E+05	-2.154867E+01
1.701000E+05	-2.150500E+01
1.701600E+05	-2.146133E+01
1.702200E+05	-2.141767E+01
1.702800E+05	-2.137400E+01
1.703400E+05	-2.133033E+01
1.704000E+05	-2.128667E+01
1.704600E+05	-2.124300E+01
1.705200E+05	-2.119933E+01
1.705800E+05	-2.115567E+01
1.706400E+05	-2.111200E+01
1.707000E+05	-2.106833E+01
1.707600E+05	-2.102467E+01
1.708200E+05	-2.098100E+01
1.708800E+05	-2.093733E+01
1.709400E+05	-2.089367E+01
1.710000E+05	-2.085000E+01
1.710600E+05	-2.085000E+01
1.711200E+05	-2.085000E+01
1.711800E+05	-2.085000E+01
1.712400E+05	-2.085000E+01
1.713000E+05	-2.085000E+01
1.713600E+05	-2.085000E+01
1.714200E+05	-2.085000E+01
1.714800E+05	-2.085000E+01
1.715400E+05	-2.085000E+01
1.716000E+05	-2.085000E+01
1.716600E+05	-2.085000E+01
1.717200E+05	-2.085000E+01
1.717800E+05	-2.085000E+01
1.718400E+05	-2.085000E+01
1.719000E+05	-2.085000E+01
1.719600E+05	-2.085000E+01
1.720200E+05	-2.085000E+01
1.720800E+05	-2.085000E+01
1.721400E+05	-2.085000E+01
1.722000E+05	-2.085000E+01
1.722600E+05	-2.085000E+01
1.723200E+05	-2.085000E+01
1.723800E+05	-2.085000E+01
1.724400E+05	-2.085000E+01
1.725000E+05	-2.085000E+01
1.725600E+05	-2.085000E+01
1.726200E+05	-2.085000E+01
1.726800E+05	-2.085000E+01
1.727400E+05	-2.085000E+01
