0.000000E+00	-5.530000E+01
6.000000E+01	-5.516300E+01
1.200000E+02	-5.502600E+01
1.800000E+02	-5.488900E+01
2.400000E+02	-5.475200E+01
3.000000E+02	-5.461500E+01
3.600000E+02	-5.447800E+01
4.200000E+02	-5.434100E+01
4.800000E+02	-5.420400E+01
5.400000E+02	-5.406700E+01
6.000000E+02	-5.393000E+01
6.600000E+02	-5.379300E+01
7.200000E+02	-5.365600E+01
7.800000E+02	-5.351900E+01
8.400000E+02	-5.338200E+01
9.000000E+02	-5.324500E+01
9.600000E+02	-5.310800E+01
1.020000E+03	-5.297100E+01
1.080000E+03	-5.283400E+01
1.140000E+03	-5.269700E+01
1.200000E+03	-5.256000E+01
1.260000E+03	-5.242300E+01
1.320000E+03	-5.228600E+01
1.380000E+03	-5.214900E+01
1.440000E+03	-5.201200E+01
1.500000E+03	-5.187500E+01
1.560000E+03	-5.173800E+01
1.620000E+03	-5.160100E+01
1.680000E+03	-5.146400E+01
1.740000E+03	-5.132700E+01
1.800000E+03	-5.119000E+01
1.860000E+03	-5.038700E+01
1.920000E+03	-4.958400E+01
1.980000E+03	-4.878100E+01
2.040000E+03	-4.797800E+01
2.100000E+03	-4.717500E+01
2.160000E+03	-4.637200E+01
2.220000E+03	-4.556900E+01
2.280000E+03	-4.476600E+01
2.340000E+03	-4.396300E+01
2.400000E+03	-4.316000E+01
2.460000E+03	-4.235700E+01
2.520000E+03	-4.155400E+01
2.580000E+03	-4.075100E+01
2.640000E+03	-3.994800E+01
2.700000E+03	-3.914500E+01
2.760000E+03	-3.834200E+01
2.820000E+03	-3.753900E+01
2.880000E+03	-3.673600E+01
2.940000E+03	-3.593300E+01
3.000000E+03	-3.513000E+01
3.060000E+03	-3.432700E+01
3.120000E+03	-3.352400E+01
3.180000E+03	-3.272100E+01
3.240000E+03	-3.191800E+01
3.300000E+03	-3.111500E+01
3.360000E+03	-3.031200E+01
3.420000E+03	-2.950900E+01
3.480000E+03	-2.870600E+01
3.540000E+03	-2.790300E+01
3.600000E+03	-2.710000E+01
3.660000E+03	-2.559533E+01
3.720000E+03	-2.409067E+01
3.780000E+03	-2.258600E+01
3.840000E+03	-2.108133E+01
3.900000E+03	-1.957667E+01
3.960000E+03	-1.807200E+01
4.020000E+03	-1.656733E+01
4.080000E+03	-1.506267E+01
4.140000E+03	-1.355800E+01
4.200000E+03	-1.205333E+01
4.260000E+03	-1.054867E+01
4.320000E+03	-9.044000E+00
4.380000E+03	-7.539333E+00
4.440000E+03	-6.034666E+00
4.500000E+03	-4.530000E+00
4.560000E+03	-3.025333E+00
4.620000E+03	-1.520666E+00
4.680000E+03	-1.599960E-02
4.740000E+03	 1.488667E+00
4.800000E+03	 2.993334E+00
4.860000E+03	 4.498001E+00
4.920000E+03	 6.002667E+00
4.980000E+03	 7.507334E+00
5.040000E+03	 9.012001E+00
5.100000E+03	 1.051667E+01
5.160000E+03	 1.202133E+01
5.220000E+03	 1.352600E+01
5.280000E+03	 1.503067E+01
5.340000E+03	 1.653533E+01
5.400000E+03	 1.804000E+01
5.460000E+03	 1.999200E+01
5.520000E+03	 2.194400E+01
5.580000E+03	 2.389600E+01
5.640000E+03	 2.584800E+01
5.700000E+03	 2.780000E+01
5.760000E+03	 2.975200E+01
5.820000E+03	 3.170400E+01
5.880000E+03	 3.365600E+01
5.940000E+03	 3.560800E+01
6.000000E+03	 3.756000E+01
6.060000E+03	 3.951200E+01
6.120000E+03	 4.146400E+01
6.180000E+03	 4.341600E+01
6.240000E+03	 4.536800E+01
6.300000E+03	 4.732000E+01
6.360000E+03	 4.927200E+01
6.420000E+03	 5.122400E+01
6.480000E+03	 5.317600E+01
6.540000E+03	 5.512800E+01
6.600000E+03	 5.708000E+01
6.660000E+03	 5.903200E+01
6.720000E+03	 6.098400E+01
6.780000E+03	 6.293600E+01
6.840000E+03	 6.488800E+01
6.900000E+03	 6.684000E+01
6.960000E+03	 6.879200E+01
7.020000E+03	 7.074400E+01
7.080000E+03	 7.269600E+01
7.140000E+03	 7.464800E+01
7.200000E+03	 7.660000E+01
7.260000E+03	 7.896333E+01
7.320000E+03	 8.132667E+01
7.380000E+03	 8.369000E+01
7.440000E+03	 8.605333E+01
7.500000E+03	 8.841667E+01
7.560000E+03	 9.078000E+01
7.620000E+03	 9.314333E+01
7.680000E+03	 9.550667E+01
7.740000E+03	 9.787000E+01
7.800000E+03	 1.002333E+02
7.860000E+03	 1.025967E+02
7.920000E+03	 1.049600E+02
7.980000E+03	 1.073233E+02
8.040000E+03	 1.096867E+02
8.100000E+03	 1.120500E+02
8.160000E+03	 1.144133E+02
8.220000E+03	 1.167767E+02
8.280000E+03	 1.191400E+02
8.340000E+03	 1.215033E+02
8.400000E+03	 1.238667E+02
8.460000E+03	 1.262300E+02
8.520000E+03	 1.285933E+02
8.580000E+03	 1.309567E+02
8.640000E+03	 1.333200E+02
8.700000E+03	 1.356833E+02
8.760000E+03	 1.380467E+02
8.820000E+03	 1.404100E+02
8.880000E+03	 1.427733E+02
8.940000E+03	 1.451367E+02
9.000000E+03	 1.475000E+02
9.060000E+03	 1.498367E+02
9.120000E+03	 1.521733E+02
9.180000E+03	 1.545100E+02
9.240000E+03	 1.568467E+02
9.300000E+03	 1.591833E+02
9.360000E+03	 1.615200E+02
9.420000E+03	 1.638567E+02
9.480000E+03	 1.661933E+02
9.540000E+03	 1.685300E+02
9.600000E+03	 1.708667E+02
9.660000E+03	 1.732033E+02
9.720000E+03	 1.755400E+02
9.780000E+03	 1.778767E+02
9.840000E+03	 1.802133E+02
9.900000E+03	 1.825500E+02
9.960000E+03	 1.848867E+02
1.002000E+04	 1.872233E+02
1.008000E+04	 1.895600E+02
1.014000E+04	 1.918967E+02
1.020000E+04	 1.942333E+02
1.026000E+04	 1.965700E+02
1.032000E+04	 1.989067E+02
1.038000E+04	 2.012433E+02
1.044000E+04	 2.035800E+02
1.050000E+04	 2.059167E+02
1.056000E+04	 2.082533E+02
1.062000E+04	 2.105900E+02
1.068000E+04	 2.129267E+02
1.074000E+04	 2.152633E+02
1.080000E+04	 2.176000E+02
1.086000E+04	 2.196767E+02
1.092000E+04	 2.217533E+02
1.098000E+04	 2.238300E+02
1.104000E+04	 2.259067E+02
1.110000E+04	 2.279833E+02
1.116000E+04	 2.300600E+02
1.122000E+04	 2.321367E+02
1.128000E+04	 2.342133E+02
1.134000E+04	 2.362900E+02
1.140000E+04	 2.383667E+02
1.146000E+04	 2.404433E+02
1.152000E+04	 2.425200E+02
1.158000E+04	 2.445967E+02
1.164000E+04	 2.466733E+02
1.170000E+04	 2.487500E+02
1.176000E+04	 2.508267E+02
1.182000E+04	 2.529033E+02
1.188000E+04	 2.549800E+02
1.194000E+04	 2.570567E+02
1.200000E+04	 2.591333E+02
1.206000E+04	 2.612100E+02
1.212000E+04	 2.632867E+02
1.218000E+04	 2.653633E+02
1.224000E+04	 2.674400E+02
1.230000E+04	 2.695167E+02
1.236000E+04	 2.715933E+02
1.242000E+04	 2.736700E+02
1.248000E+04	 2.757467E+02
1.254000E+04	 2.778233E+02
1.260000E+04	 2.799000E+02
1.266000E+04	 2.817567E+02
1.272000E+04	 2.836133E+02
1.278000E+04	 2.854700E+02
1.284000E+04	 2.873267E+02
1.290000E+04	 2.891833E+02
1.296000E+04	 2.910400E+02
1.302000E+04	 2.928967E+02
1.308000E+04	 2.947533E+02
1.314000E+04	 2.966100E+02
1.320000E+04	 2.984667E+02
1.326000E+04	 3.003233E+02
1.332000E+04	 3.021800E+02
1.338000E+04	 3.040367E+02
1.344000E+04	 3.058933E+02
1.350000E+04	 3.077500E+02
1.356000E+04	 3.096067E+02
1.362000E+04	 3.114633E+02
1.368000E+04	 3.133200E+02
1.374000E+04	 3.151767E+02
1.380000E+04	 3.170333E+02
1.386000E+04	 3.188900E+02
1.392000E+04	 3.207467E+02
1.398000E+04	 3.226033E+02
1.404000E+04	 3.244600E+02
1.410000E+04	 3.263167E+02
1.416000E+04	 3.281733E+02
1.422000E+04	 3.300300E+02
1.428000E+04	 3.318867E+02
1.434000E+04	 3.337433E+02
1.440000E+04	 3.356000E+02
1.446000E+04	 3.371633E+02
1.452000E+04	 3.387267E+02
1.458000E+04	 3.402900E+02
1.464000E+04	 3.418533E+02
1.470000E+04	 3.434167E+02
1.476000E+04	 3.449800E+02
1.482000E+04	 3.465433E+02
1.488000E+04	 3.481067E+02
1.494000E+04	 3.496700E+02
1.500000E+04	 3.512333E+02
1.506000E+04	 3.527967E+02
1.512000E+04	 3.543600E+02
1.518000E+04	 3.559233E+02
1.524000E+04	 3.574867E+02
1.530000E+04	 3.590500E+02
1.536000E+04	 3.606133E+02
1.542000E+04	 3.621767E+02
1.548000E+04	 3.637400E+02
1.554000E+04	 3.653033E+02
1.560000E+04	 3.668667E+02
1.566000E+04	 3.684300E+02
1.572000E+04	 3.699933E+02
1.578000E+04	 3.715567E+02
1.584000E+04	 3.731200E+02
1.590000E+04	 3.746833E+02
1.596000E+04	 3.762467E+02
1.602000E+04	 3.778100E+02
1.608000E+04	 3.793733E+02
1.614000E+04	 3.809367E+02
1.620000E+04	 3.825000E+02
1.626000E+04	 3.837067E+02
1.632000E+04	 3.849133E+02
1.638000E+04	 3.861200E+02
1.644000E+04	 3.873267E+02
1.650000E+04	 3.885333E+02
1.656000E+04	 3.897400E+02
1.662000E+04	 3.909467E+02
1.668000E+04	 3.921533E+02
1.674000E+04	 3.933600E+02
1.680000E+04	 3.945667E+02
1.686000E+04	 3.957733E+02
1.692000E+04	 3.969800E+02
1.698000E+04	 3.981867E+02
1.704000E+04	 3.993933E+02
1.710000E+04	 4.006000E+02
1.716000E+04	 4.018067E+02
1.722000E+04	 4.030133E+02
1.728000E+04	 4.042200E+02
1.734000E+04	 4.054267E+02
1.740000E+04	 4.066333E+02
1.746000E+04	 4.078400E+02
1.752000E+04	 4.090467E+02
1.758000E+04	 4.102533E+02
1.764000E+04	 4.114600E+02
1.770000E+04	 4.126667E+02
1.776000E+04	 4.138733E+02
1.782000E+04	 4.150800E+02
1.788000E+04	 4.162867E+02
1.794000E+04	 4.174933E+02
1.800000E+04	 4.187000E+02
1.806000E+04	 4.193867E+02
1.812000E+04	 4.200733E+02
1.818000E+04	 4.207600E+02
1.824000E+04	 4.214467E+02
1.830000E+04	 4.221333E+02
1.836000E+04	 4.228200E+02
1.842000E+04	 4.235067E+02
1.848000E+04	 4.241933E+02
1.854000E+04	 4.248800E+02
1.860000E+04	 4.255667E+02
1.866000E+04	 4.262533E+02
1.872000E+04	 4.269400E+02
1.878000E+04	 4.276267E+02
1.884000E+04	 4.283133E+02
1.890000E+04	 4.290000E+02
1.896000E+04	 4.296867E+02
1.902000E+04	 4.303733E+02
1.908000E+04	 4.310600E+02
1.914000E+04	 4.317467E+02
1.920000E+04	 4.324333E+02
1.926000E+04	 4.331200E+02
1.932000E+04	 4.338067E+02
1.938000E+04	 4.344933E+02
1.944000E+04	 4.351800E+02
1.950000E+04	 4.358667E+02
1.956000E+04	 4.365533E+02
1.962000E+04	 4.372400E+02
1.968000E+04	 4.379267E+02
1.974000E+04	 4.386133E+02
1.980000E+04	 4.393000E+02
1.986000E+04	 4.397433E+02
1.992000E+04	 4.401867E+02
1.998000E+04	 4.406300E+02
2.004000E+04	 4.410733E+02
2.010000E+04	 4.415167E+02
2.016000E+04	 4.419600E+02
2.022000E+04	 4.424033E+02
2.028000E+04	 4.428467E+02
2.034000E+04	 4.432900E+02
2.040000E+04	 4.437333E+02
2.046000E+04	 4.441767E+02
2.052000E+04	 4.446200E+02
2.058000E+04	 4.450633E+02
2.064000E+04	 4.455067E+02
2.070000E+04	 4.459500E+02
2.076000E+04	 4.463933E+02
2.082000E+04	 4.468367E+02
2.088000E+04	 4.472800E+02
2.094000E+04	 4.477233E+02
2.100000E+04	 4.481667E+02
2.106000E+04	 4.486100E+02
2.112000E+04	 4.490533E+02
2.118000E+04	 4.494967E+02
2.124000E+04	 4.499400E+02
2.130000E+04	 4.503833E+02
2.136000E+04	 4.508267E+02
2.142000E+04	 4.512700E+02
2.148000E+04	 4.517133E+02
2.154000E+04	 4.521567E+02
2.160000E+04	 4.526000E+02
2.166000E+04	 4.525167E+02
2.172000E+04	 4.524333E+02
2.178000E+04	 4.523500E+02
2.184000E+04	 4.522667E+02
2.190000E+04	 4.521833E+02
2.196000E+04	 4.521000E+02
2.202000E+04	 4.520167E+02
2.208000E+04	 4.519333E+02
2.214000E+04	 4.518500E+02
2.220000E+04	 4.517667E+02
2.226000E+04	 4.516833E+02
2.232000E+04	 4.516000E+02
2.238000E+04	 4.515167E+02
2.244000E+04	 4.514333E+02
2.250000E+04	 4.513500E+02
2.256000E+04	 4.512667E+02
2.262000E+04	 4.511833E+02
2.268000E+04	 4.511000E+02
2.274000E+04	 4.510167E+02
2.280000E+04	 4.509333E+02
2.286000E+04	 4.508500E+02
2.292000E+04	 4.507667E+02
2.298000E+04	 4.506833E+02
2.304000E+04	 4.506000E+02
2.310000E+04	 4.505167E+02
2.316000E+04	 4.504333E+02
2.322000E+04	 4.503500E+02
2.328000E+04	 4.502667E+02
2.334000E+04	 4.501833E+02
2.340000E+04	 4.501000E+02
2.346000E+04	 4.482300E+02
2.352000E+04	 4.463600E+02
2.358000E+04	 4.444900E+02
2.364000E+04	 4.426200E+02
2.370000E+04	 4.407500E+02
2.376000E+04	 4.388800E+02
2.382000E+04	 4.370100E+02
2.388000E+04	 4.351400E+02
2.394000E+04	 4.332700E+02
2.400000E+04	 4.314000E+02
2.406000E+04	 4.295300E+02
2.412000E+04	 4.276600E+02
2.418000E+04	 4.257900E+02
2.424000E+04	 4.239200E+02
2.430000E+04	 4.220500E+02
2.436000E+04	 4.201800E+02
2.442000E+04	 4.183100E+02
2.448000E+04	 4.164400E+02
2.454000E+04	 4.145700E+02
2.460000E+04	 4.127000E+02
2.466000E+04	 4.108300E+02
2.472000E+04	 4.089600E+02
2.478000E+04	 4.070900E+02
2.484000E+04	 4.052200E+02
2.490000E+04	 4.033500E+02
2.496000E+04	 4.014800E+02
2.502000E+04	 3.996100E+02
2.508000E+04	 3.977400E+02
2.514000E+04	 3.958700E+02
2.520000E+04	 3.940000E+02
2.526000E+04	 3.941367E+02
2.532000E+04	 3.942733E+02
2.538000E+04	 3.944100E+02
2.544000E+04	 3.945467E+02
2.550000E+04	 3.946833E+02
2.556000E+04	 3.948200E+02
2.562000E+04	 3.949567E+02
2.568000E+04	 3.950933E+02
2.574000E+04	 3.952300E+02
2.580000E+04	 3.953667E+02
2.586000E+04	 3.955033E+02
2.592000E+04	 3.956400E+02
2.598000E+04	 3.957767E+02
2.604000E+04	 3.959133E+02
2.610000E+04	 3.960500E+02
2.616000E+04	 3.961867E+02
2.622000E+04	 3.963233E+02
2.628000E+04	 3.964600E+02
2.634000E+04	 3.965967E+02
2.640000E+04	 3.967333E+02
2.646000E+04	 3.968700E+02
2.652000E+04	 3.970067E+02
2.658000E+04	 3.971433E+02
2.664000E+04	 3.972800E+02
2.670000E+04	 3.974167E+02
2.676000E+04	 3.975533E+02
2.682000E+04	 3.976900E+02
2.688000E+04	 3.978267E+02
2.694000E+04	 3.979633E+02
2.700000E+04	 3.981000E+02
2.706000E+04	 3.972867E+02
2.712000E+04	 3.964733E+02
2.718000E+04	 3.956600E+02
2.724000E+04	 3.948467E+02
2.730000E+04	 3.940333E+02
2.736000E+04	 3.932200E+02
2.742000E+04	 3.924067E+02
2.748000E+04	 3.915933E+02
2.754000E+04	 3.907800E+02
2.760000E+04	 3.899667E+02
2.766000E+04	 3.891533E+02
2.772000E+04	 3.883400E+02
2.778000E+04	 3.875267E+02
2.784000E+04	 3.867133E+02
2.790000E+04	 3.859000E+02
2.796000E+04	 3.850867E+02
2.802000E+04	 3.842733E+02
2.808000E+04	 3.834600E+02
2.814000E+04	 3.826467E+02
2.820000E+04	 3.818333E+02
2.826000E+04	 3.810200E+02
2.832000E+04	 3.802067E+02
2.838000E+04	 3.793933E+02
2.844000E+04	 3.785800E+02
2.850000E+04	 3.777667E+02
2.856000E+04	 3.769533E+02
2.862000E+04	 3.761400E+02
2.868000E+04	 3.753267E+02
2.874000E+04	 3.745133E+02
2.880000E+04	 3.737000E+02
2.886000E+04	 3.714100E+02
2.892000E+04	 3.691200E+02
2.898000E+04	 3.668300E+02
2.904000E+04	 3.645400E+02
2.910000E+04	 3.622500E+02
2.916000E+04	 3.599600E+02
2.922000E+04	 3.576700E+02
2.928000E+04	 3.553800E+02
2.934000E+04	 3.530900E+02
2.940000E+04	 3.508000E+02
2.946000E+04	 3.485100E+02
2.952000E+04	 3.462200E+02
2.958000E+04	 3.439300E+02
2.964000E+04	 3.416400E+02
2.970000E+04	 3.393500E+02
2.976000E+04	 3.370600E+02
2.982000E+04	 3.347700E+02
2.988000E+04	 3.324800E+02
2.994000E+04	 3.301900E+02
3.000000E+04	 3.279000E+02
3.006000E+04	 3.256100E+02
3.012000E+04	 3.233200E+02
3.018000E+04	 3.210300E+02
3.024000E+04	 3.187400E+02
3.030000E+04	 3.164500E+02
3.036000E+04	 3.141600E+02
3.042000E+04	 3.118700E+02
3.048000E+04	 3.095800E+02
3.054000E+04	 3.072900E+02
3.060000E+04	 3.050000E+02
3.066000E+04	 3.044267E+02
3.072000E+04	 3.038533E+02
3.078000E+04	 3.032800E+02
3.084000E+04	 3.027067E+02
3.090000E+04	 3.021333E+02
3.096000E+04	 3.015600E+02
3.102000E+04	 3.009867E+02
3.108000E+04	 3.004133E+02
3.114000E+04	 2.998400E+02
3.120000E+04	 2.992667E+02
3.126000E+04	 2.986933E+02
3.132000E+04	 2.981200E+02
3.138000E+04	 2.975467E+02
3.144000E+04	 2.969733E+02
3.150000E+04	 2.964000E+02
3.156000E+04	 2.958267E+02
3.162000E+04	 2.952533E+02
3.168000E+04	 2.946800E+02
3.174000E+04	 2.941067E+02
3.180000E+04	 2.935333E+02
3.186000E+04	 2.929600E+02
3.192000E+04	 2.923867E+02
3.198000E+04	 2.918133E+02
3.204000E+04	 2.912400E+02
3.210000E+04	 2.906667E+02
3.216000E+04	 2.900933E+02
3.222000E+04	 2.895200E+02
3.228000E+04	 2.889467E+02
3.234000E+04	 2.883733E+02
3.240000E+04	 2.878000E+02
3.246000E+04	 2.847200E+02
3.252000E+04	 2.816400E+02
3.258000E+04	 2.785600E+02
3.264000E+04	 2.754800E+02
3.270000E+04	 2.724000E+02
3.276000E+04	 2.693200E+02
3.282000E+04	 2.662400E+02
3.288000E+04	 2.631600E+02
3.294000E+04	 2.600800E+02
3.300000E+04	 2.570000E+02
3.306000E+04	 2.539200E+02
3.312000E+04	 2.508400E+02
3.318000E+04	 2.477600E+02
3.324000E+04	 2.446800E+02
3.330000E+04	 2.416000E+02
3.336000E+04	 2.385200E+02
3.342000E+04	 2.354400E+02
3.348000E+04	 2.323600E+02
3.354000E+04	 2.292800E+02
3.360000E+04	 2.262000E+02
3.366000E+04	 2.231200E+02
3.372000E+04	 2.200400E+02
3.378000E+04	 2.169600E+02
3.384000E+04	 2.138800E+02
3.390000E+04	 2.108000E+02
3.396000E+04	 2.077200E+02
3.402000E+04	 2.046400E+02
3.408000E+04	 2.015600E+02
3.414000E+04	 1.984800E+02
3.420000E+04	 1.954000E+02
3.426000E+04	 1.927200E+02
3.432000E+04	 1.900400E+02
3.438000E+04	 1.873600E+02
3.444000E+04	 1.846800E+02
3.450000E+04	 1.820000E+02
3.456000E+04	 1.793200E+02
3.462000E+04	 1.766400E+02
3.468000E+04	 1.739600E+02
3.474000E+04	 1.712800E+02
3.480000E+04	 1.686000E+02
3.486000E+04	 1.659200E+02
3.492000E+04	 1.632400E+02
3.498000E+04	 1.605600E+02
3.504000E+04	 1.578800E+02
3.510000E+04	 1.552000E+02
3.516000E+04	 1.525200E+02
3.522000E+04	 1.498400E+02
3.528000E+04	 1.471600E+02
3.534000E+04	 1.444800E+02
3.540000E+04	 1.418000E+02
3.546000E+04	 1.391200E+02
3.552000E+04	 1.364400E+02
3.558000E+04	 1.337600E+02
3.564000E+04	 1.310800E+02
3.570000E+04	 1.284000E+02
3.576000E+04	 1.257200E+02
3.582000E+04	 1.230400E+02
3.588000E+04	 1.203600E+02
3.594000E+04	 1.176800E+02
3.600000E+04	 1.150000E+02
3.606000E+04	 1.121593E+02
3.612000E+04	 1.093187E+02
3.618000E+04	 1.064780E+02
3.624000E+04	 1.036373E+02
3.630000E+04	 1.007967E+02
3.636000E+04	 9.795600E+01
3.642000E+04	 9.511533E+01
3.648000E+04	 9.227467E+01
3.654000E+04	 8.943400E+01
3.660000E+04	 8.659333E+01
3.666000E+04	 8.375267E+01
3.672000E+04	 8.091200E+01
3.678000E+04	 7.807133E+01
3.684000E+04	 7.523067E+01
3.690000E+04	 7.239000E+01
3.696000E+04	 6.954933E+01
3.702000E+04	 6.670867E+01
3.708000E+04	 6.386800E+01
3.714000E+04	 6.102733E+01
3.720000E+04	 5.818667E+01
3.726000E+04	 5.534600E+01
3.732000E+04	 5.250533E+01
3.738000E+04	 4.966467E+01
3.744000E+04	 4.682400E+01
3.750000E+04	 4.398333E+01
3.756000E+04	 4.114267E+01
3.762000E+04	 3.830200E+01
3.768000E+04	 3.546133E+01
3.774000E+04	 3.262067E+01
3.780000E+04	 2.978000E+01
3.786000E+04	 2.786033E+01
3.792000E+04	 2.594067E+01
3.798000E+04	 2.402100E+01
3.804000E+04	 2.210133E+01
3.810000E+04	 2.018167E+01
3.816000E+04	 1.826200E+01
3.822000E+04	 1.634233E+01
3.828000E+04	 1.442267E+01
3.834000E+04	 1.250300E+01
3.840000E+04	 1.058333E+01
3.846000E+04	 8.663667E+00
3.852000E+04	 6.744001E+00
3.858000E+04	 4.824334E+00
3.864000E+04	 2.904667E+00
3.870000E+04	 9.850006E-01
3.876000E+04	-9.346661E-01
3.882000E+04	-2.854333E+00
3.888000E+04	-4.773999E+00
3.894000E+04	-6.693666E+00
3.900000E+04	-8.613333E+00
3.906000E+04	-1.053300E+01
3.912000E+04	-1.245267E+01
3.918000E+04	-1.437233E+01
3.924000E+04	-1.629200E+01
3.930000E+04	-1.821167E+01
3.936000E+04	-2.013133E+01
3.942000E+04	-2.205100E+01
3.948000E+04	-2.397067E+01
3.954000E+04	-2.589033E+01
3.960000E+04	-2.781000E+01
3.966000E+04	-2.882433E+01
3.972000E+04	-2.983867E+01
3.978000E+04	-3.085300E+01
3.984000E+04	-3.186733E+01
3.990000E+04	-3.288167E+01
3.996000E+04	-3.389600E+01
4.002000E+04	-3.491033E+01
4.008000E+04	-3.592467E+01
4.014000E+04	-3.693900E+01
4.020000E+04	-3.795333E+01
4.026000E+04	-3.896767E+01
4.032000E+04	-3.998200E+01
4.038000E+04	-4.099633E+01
4.044000E+04	-4.201067E+01
4.050000E+04	-4.302500E+01
4.056000E+04	-4.403933E+01
4.062000E+04	-4.505367E+01
4.068000E+04	-4.606800E+01
4.074000E+04	-4.708233E+01
4.080000E+04	-4.809667E+01
4.086000E+04	-4.911100E+01
4.092000E+04	-5.012533E+01
4.098000E+04	-5.113967E+01
4.104000E+04	-5.215400E+01
4.110000E+04	-5.316833E+01
4.116000E+04	-5.418267E+01
4.122000E+04	-5.519700E+01
4.128000E+04	-5.621133E+01
4.134000E+04	-5.722567E+01
4.140000E+04	-5.824000E+01
4.146000E+04	-5.830467E+01
4.152000E+04	-5.836933E+01
4.158000E+04	-5.843400E+01
4.164000E+04	-5.849867E+01
4.170000E+04	-5.856333E+01
4.176000E+04	-5.862800E+01
4.182000E+04	-5.869267E+01
4.188000E+04	-5.875733E+01
4.194000E+04	-5.882200E+01
4.200000E+04	-5.888667E+01
4.206000E+04	-5.895133E+01
4.212000E+04	-5.901600E+01
4.218000E+04	-5.908067E+01
4.224000E+04	-5.914533E+01
4.230000E+04	-5.921000E+01
4.236000E+04	-5.927467E+01
4.242000E+04	-5.933933E+01
4.248000E+04	-5.940400E+01
4.254000E+04	-5.946867E+01
4.260000E+04	-5.953333E+01
4.266000E+04	-5.959800E+01
4.272000E+04	-5.966267E+01
4.278000E+04	-5.972733E+01
4.284000E+04	-5.979200E+01
4.290000E+04	-5.985667E+01
4.296000E+04	-5.992133E+01
4.302000E+04	-5.998600E+01
4.308000E+04	-6.005067E+01
4.314000E+04	-6.011533E+01
4.320000E+04	-6.018000E+01
4.326000E+04	-6.009533E+01
4.332000E+04	-6.001067E+01
4.338000E+04	-5.992600E+01
4.344000E+04	-5.984133E+01
4.350000E+04	-5.975667E+01
4.356000E+04	-5.967200E+01
4.362000E+04	-5.958733E+01
4.368000E+04	-5.950267E+01
4.374000E+04	-5.941800E+01
4.380000E+04	-5.933333E+01
4.386000E+04	-5.924867E+01
4.392000E+04	-5.916400E+01
4.398000E+04	-5.907933E+01
4.404000E+04	-5.899467E+01
4.410000E+04	-5.891000E+01
4.416000E+04	-5.882533E+01
4.422000E+04	-5.874067E+01
4.428000E+04	-5.865600E+01
4.434000E+04	-5.857133E+01
4.440000E+04	-5.848667E+01
4.446000E+04	-5.840200E+01
4.452000E+04	-5.831733E+01
4.458000E+04	-5.823267E+01
4.464000E+04	-5.814800E+01
4.470000E+04	-5.806333E+01
4.476000E+04	-5.797867E+01
4.482000E+04	-5.789400E+01
4.488000E+04	-5.780933E+01
4.494000E+04	-5.772467E+01
4.500000E+04	-5.764000E+01
4.506000E+04	-5.758833E+01
4.512000E+04	-5.753667E+01
4.518000E+04	-5.748500E+01
4.524000E+04	-5.743333E+01
4.530000E+04	-5.738167E+01
4.536000E+04	-5.733000E+01
4.542000E+04	-5.727833E+01
4.548000E+04	-5.722667E+01
4.554000E+04	-5.717500E+01
4.560000E+04	-5.712333E+01
4.566000E+04	-5.707167E+01
4.572000E+04	-5.702000E+01
4.578000E+04	-5.696833E+01
4.584000E+04	-5.691667E+01
4.590000E+04	-5.686500E+01
4.596000E+04	-5.681333E+01
4.602000E+04	-5.676167E+01
4.608000E+04	-5.671000E+01
4.614000E+04	-5.665833E+01
4.620000E+04	-5.660667E+01
4.626000E+04	-5.655500E+01
4.632000E+04	-5.650333E+01
4.638000E+04	-5.645167E+01
4.644000E+04	-5.640000E+01
4.650000E+04	-5.634833E+01
4.656000E+04	-5.629667E+01
4.662000E+04	-5.624500E+01
4.668000E+04	-5.619333E+01
4.674000E+04	-5.614167E+01
4.680000E+04	-5.609000E+01
4.686000E+04	-5.610233E+01
4.692000E+04	-5.611467E+01
4.698000E+04	-5.612700E+01
4.704000E+04	-5.613933E+01
4.710000E+04	-5.615167E+01
4.716000E+04	-5.616400E+01
4.722000E+04	-5.617633E+01
4.728000E+04	-5.618867E+01
4.734000E+04	-5.620100E+01
4.740000E+04	-5.621333E+01
4.746000E+04	-5.622567E+01
4.752000E+04	-5.623800E+01
4.758000E+04	-5.625033E+01
4.764000E+04	-5.626267E+01
4.770000E+04	-5.627500E+01
4.776000E+04	-5.628733E+01
4.782000E+04	-5.629967E+01
4.788000E+04	-5.631200E+01
4.794000E+04	-5.632433E+01
4.800000E+04	-5.633667E+01
4.806000E+04	-5.634900E+01
4.812000E+04	-5.636133E+01
4.818000E+04	-5.637367E+01
4.824000E+04	-5.638600E+01
4.830000E+04	-5.639833E+01
4.836000E+04	-5.641067E+01
4.842000E+04	-5.642300E+01
4.848000E+04	-5.643533E+01
4.854000E+04	-5.644767E+01
4.860000E+04	-5.646000E+01
4.866000E+04	-5.648767E+01
4.872000E+04	-5.651533E+01
4.878000E+04	-5.654300E+01
4.884000E+04	-5.657067E+01
4.890000E+04	-5.659833E+01
4.896000E+04	-5.662600E+01
4.902000E+04	-5.665367E+01
4.908000E+04	-5.668133E+01
4.914000E+04	-5.670900E+01
4.920000E+04	-5.673667E+01
4.926000E+04	-5.676433E+01
4.932000E+04	-5.679200E+01
4.938000E+04	-5.681967E+01
4.944000E+04	-5.684733E+01
4.950000E+04	-5.687500E+01
4.956000E+04	-5.690267E+01
4.962000E+04	-5.693033E+01
4.968000E+04	-5.695800E+01
4.974000E+04	-5.698567E+01
4.980000E+04	-5.701333E+01
4.986000E+04	-5.704100E+01
4.992000E+04	-5.706867E+01
4.998000E+04	-5.709633E+01
5.004000E+04	-5.712400E+01
5.010000E+04	-5.715167E+01
5.016000E+04	-5.717933E+01
5.022000E+04	-5.720700E+01
5.028000E+04	-5.723467E+01
5.034000E+04	-5.726233E+01
5.040000E+04	-5.729000E+01
5.046000E+04	-5.730833E+01
5.052000E+04	-5.732667E+01
5.058000E+04	-5.734500E+01
5.064000E+04	-5.736333E+01
5.070000E+04	-5.738167E+01
5.076000E+04	-5.740000E+01
5.082000E+04	-5.741833E+01
5.088000E+04	-5.743667E+01
5.094000E+04	-5.745500E+01
5.100000E+04	-5.747333E+01
5.106000E+04	-5.749167E+01
5.112000E+04	-5.751000E+01
5.118000E+04	-5.752833E+01
5.124000E+04	-5.754667E+01
5.130000E+04	-5.756500E+01
5.136000E+04	-5.758333E+01
5.142000E+04	-5.760167E+01
5.148000E+04	-5.762000E+01
5.154000E+04	-5.763833E+01
5.160000E+04	-5.765667E+01
5.166000E+04	-5.767500E+01
5.172000E+04	-5.769333E+01
5.178000E+04	-5.771167E+01
5.184000E+04	-5.773000E+01
5.190000E+04	-5.774833E+01
5.196000E+04	-5.776667E+01
5.202000E+04	-5.778500E+01
5.208000E+04	-5.780333E+01
5.214000E+04	-5.782167E+01
5.220000E+04	-5.784000E+01
5.226000E+04	-5.782433E+01
5.232000E+04	-5.780867E+01
5.238000E+04	-5.779300E+01
5.244000E+04	-5.777733E+01
5.250000E+04	-5.776167E+01
5.256000E+04	-5.774600E+01
5.262000E+04	-5.773033E+01
5.268000E+04	-5.771467E+01
5.274000E+04	-5.769900E+01
5.280000E+04	-5.768333E+01
5.286000E+04	-5.766767E+01
5.292000E+04	-5.765200E+01
5.298000E+04	-5.763633E+01
5.304000E+04	-5.762067E+01
5.310000E+04	-5.760500E+01
5.316000E+04	-5.758933E+01
5.322000E+04	-5.757367E+01
5.328000E+04	-5.755800E+01
5.334000E+04	-5.754233E+01
5.340000E+04	-5.752667E+01
5.346000E+04	-5.751100E+01
5.352000E+04	-5.749533E+01
5.358000E+04	-5.747967E+01
5.364000E+04	-5.746400E+01
5.370000E+04	-5.744833E+01
5.376000E+04	-5.743267E+01
5.382000E+04	-5.741700E+01
5.388000E+04	-5.740133E+01
5.394000E+04	-5.738567E+01
5.400000E+04	-5.737000E+01
5.406000E+04	-5.735867E+01
5.412000E+04	-5.734733E+01
5.418000E+04	-5.733600E+01
5.424000E+04	-5.732467E+01
5.430000E+04	-5.731333E+01
5.436000E+04	-5.730200E+01
5.442000E+04	-5.729067E+01
5.448000E+04	-5.727933E+01
5.454000E+04	-5.726800E+01
5.460000E+04	-5.725667E+01
5.466000E+04	-5.724533E+01
5.472000E+04	-5.723400E+01
5.478000E+04	-5.722267E+01
5.484000E+04	-5.721133E+01
5.490000E+04	-5.720000E+01
5.496000E+04	-5.718867E+01
5.502000E+04	-5.717733E+01
5.508000E+04	-5.716600E+01
5.514000E+04	-5.715467E+01
5.520000E+04	-5.714333E+01
5.526000E+04	-5.713200E+01
5.532000E+04	-5.712067E+01
5.538000E+04	-5.710933E+01
5.544000E+04	-5.709800E+01
5.550000E+04	-5.708667E+01
5.556000E+04	-5.707533E+01
5.562000E+04	-5.706400E+01
5.568000E+04	-5.705267E+01
5.574000E+04	-5.704133E+01
5.580000E+04	-5.703000E+01
5.586000E+04	-5.705167E+01
5.592000E+04	-5.707333E+01
5.598000E+04	-5.709500E+01
5.604000E+04	-5.711667E+01
5.610000E+04	-5.713833E+01
5.616000E+04	-5.716000E+01
5.622000E+04	-5.718167E+01
5.628000E+04	-5.720333E+01
5.634000E+04	-5.722500E+01
5.640000E+04	-5.724667E+01
5.646000E+04	-5.726833E+01
5.652000E+04	-5.729000E+01
5.658000E+04	-5.731167E+01
5.664000E+04	-5.733333E+01
5.670000E+04	-5.735500E+01
5.676000E+04	-5.737667E+01
5.682000E+04	-5.739833E+01
5.688000E+04	-5.742000E+01
5.694000E+04	-5.744167E+01
5.700000E+04	-5.746333E+01
5.706000E+04	-5.748500E+01
5.712000E+04	-5.750667E+01
5.718000E+04	-5.752833E+01
5.724000E+04	-5.755000E+01
5.730000E+04	-5.757167E+01
5.736000E+04	-5.759333E+01
5.742000E+04	-5.761500E+01
5.748000E+04	-5.763667E+01
5.754000E+04	-5.765833E+01
5.760000E+04	-5.768000E+01
5.766000E+04	-5.768600E+01
5.772000E+04	-5.769200E+01
5.778000E+04	-5.769800E+01
5.784000E+04	-5.770400E+01
5.790000E+04	-5.771000E+01
5.796000E+04	-5.771600E+01
5.802000E+04	-5.772200E+01
5.808000E+04	-5.772800E+01
5.814000E+04	-5.773400E+01
5.820000E+04	-5.774000E+01
5.826000E+04	-5.774600E+01
5.832000E+04	-5.775200E+01
5.838000E+04	-5.775800E+01
5.844000E+04	-5.776400E+01
5.850000E+04	-5.777000E+01
5.856000E+04	-5.777600E+01
5.862000E+04	-5.778200E+01
5.868000E+04	-5.778800E+01
5.874000E+04	-5.779400E+01
5.880000E+04	-5.780000E+01
5.886000E+04	-5.780600E+01
5.892000E+04	-5.781200E+01
5.898000E+04	-5.781800E+01
5.904000E+04	-5.782400E+01
5.910000E+04	-5.783000E+01
5.916000E+04	-5.783600E+01
5.922000E+04	-5.784200E+01
5.928000E+04	-5.784800E+01
5.934000E+04	-5.785400E+01
5.940000E+04	-5.786000E+01
5.946000E+04	-5.790300E+01
5.952000E+04	-5.794600E+01
5.958000E+04	-5.798900E+01
5.964000E+04	-5.803200E+01
5.970000E+04	-5.807500E+01
5.976000E+04	-5.811800E+01
5.982000E+04	-5.816100E+01
5.988000E+04	-5.820400E+01
5.994000E+04	-5.824700E+01
6.000000E+04	-5.829000E+01
6.006000E+04	-5.833300E+01
6.012000E+04	-5.837600E+01
6.018000E+04	-5.841900E+01
6.024000E+04	-5.846200E+01
6.030000E+04	-5.850500E+01
6.036000E+04	-5.854800E+01
6.042000E+04	-5.859100E+01
6.048000E+04	-5.863400E+01
6.054000E+04	-5.867700E+01
6.060000E+04	-5.872000E+01
6.066000E+04	-5.876300E+01
6.072000E+04	-5.880600E+01
6.078000E+04	-5.884900E+01
6.084000E+04	-5.889200E+01
6.090000E+04	-5.893500E+01
6.096000E+04	-5.897800E+01
6.102000E+04	-5.902100E+01
6.108000E+04	-5.906400E+01
6.114000E+04	-5.910700E+01
6.120000E+04	-5.915000E+01
6.126000E+04	-5.916233E+01
6.132000E+04	-5.917467E+01
6.138000E+04	-5.918700E+01
6.144000E+04	-5.919933E+01
6.150000E+04	-5.921167E+01
6.156000E+04	-5.922400E+01
6.162000E+04	-5.923633E+01
6.168000E+04	-5.924867E+01
6.174000E+04	-5.926100E+01
6.180000E+04	-5.927333E+01
6.186000E+04	-5.928567E+01
6.192000E+04	-5.929800E+01
6.198000E+04	-5.931033E+01
6.204000E+04	-5.932267E+01
6.210000E+04	-5.933500E+01
6.216000E+04	-5.934733E+01
6.222000E+04	-5.935967E+01
6.228000E+04	-5.937200E+01
6.234000E+04	-5.938433E+01
6.240000E+04	-5.939667E+01
6.246000E+04	-5.940900E+01
6.252000E+04	-5.942133E+01
6.258000E+04	-5.943367E+01
6.264000E+04	-5.944600E+01
6.270000E+04	-5.945833E+01
6.276000E+04	-5.947067E+01
6.282000E+04	-5.948300E+01
6.288000E+04	-5.949533E+01
6.294000E+04	-5.950767E+01
6.300000E+04	-5.952000E+01
6.306000E+04	-5.954867E+01
6.312000E+04	-5.957733E+01
6.318000E+04	-5.960600E+01
6.324000E+04	-5.963467E+01
6.330000E+04	-5.966333E+01
6.336000E+04	-5.969200E+01
6.342000E+04	-5.972067E+01
6.348000E+04	-5.974933E+01
6.354000E+04	-5.977800E+01
6.360000E+04	-5.980667E+01
6.366000E+04	-5.983533E+01
6.372000E+04	-5.986400E+01
6.378000E+04	-5.989267E+01
6.384000E+04	-5.992133E+01
6.390000E+04	-5.995000E+01
6.396000E+04	-5.997867E+01
6.402000E+04	-6.000733E+01
6.408000E+04	-6.003600E+01
6.414000E+04	-6.006467E+01
6.420000E+04	-6.009333E+01
6.426000E+04	-6.012200E+01
6.432000E+04	-6.015067E+01
6.438000E+04	-6.017933E+01
6.444000E+04	-6.020800E+01
6.450000E+04	-6.023667E+01
6.456000E+04	-6.026533E+01
6.462000E+04	-6.029400E+01
6.468000E+04	-6.032267E+01
6.474000E+04	-6.035133E+01
6.480000E+04	-6.038000E+01
6.486000E+04	-6.042333E+01
6.492000E+04	-6.046667E+01
6.498000E+04	-6.051000E+01
6.504000E+04	-6.055333E+01
6.510000E+04	-6.059667E+01
6.516000E+04	-6.064000E+01
6.522000E+04	-6.068333E+01
6.528000E+04	-6.072667E+01
6.534000E+04	-6.077000E+01
6.540000E+04	-6.081333E+01
6.546000E+04	-6.085667E+01
6.552000E+04	-6.090000E+01
6.558000E+04	-6.094333E+01
6.564000E+04	-6.098667E+01
6.570000E+04	-6.103000E+01
6.576000E+04	-6.107333E+01
6.582000E+04	-6.111667E+01
6.588000E+04	-6.116000E+01
6.594000E+04	-6.120333E+01
6.600000E+04	-6.124667E+01
6.606000E+04	-6.129000E+01
6.612000E+04	-6.133333E+01
6.618000E+04	-6.137667E+01
6.624000E+04	-6.142000E+01
6.630000E+04	-6.146333E+01
6.636000E+04	-6.150667E+01
6.642000E+04	-6.155000E+01
6.648000E+04	-6.159333E+01
6.654000E+04	-6.163667E+01
6.660000E+04	-6.168000E+01
6.666000E+04	-6.171733E+01
6.672000E+04	-6.175467E+01
6.678000E+04	-6.179200E+01
6.684000E+04	-6.182933E+01
6.690000E+04	-6.186667E+01
6.696000E+04	-6.190400E+01
6.702000E+04	-6.194133E+01
6.708000E+04	-6.197867E+01
6.714000E+04	-6.201600E+01
6.720000E+04	-6.205333E+01
6.726000E+04	-6.209067E+01
6.732000E+04	-6.212800E+01
6.738000E+04	-6.216533E+01
6.744000E+04	-6.220267E+01
6.750000E+04	-6.224000E+01
6.756000E+04	-6.227733E+01
6.762000E+04	-6.231467E+01
6.768000E+04	-6.235200E+01
6.774000E+04	-6.238933E+01
6.780000E+04	-6.242667E+01
6.786000E+04	-6.246400E+01
6.792000E+04	-6.250133E+01
6.798000E+04	-6.253867E+01
6.804000E+04	-6.257600E+01
6.810000E+04	-6.261333E+01
6.816000E+04	-6.265067E+01
6.822000E+04	-6.268800E+01
6.828000E+04	-6.272533E+01
6.834000E+04	-6.276267E+01
6.840000E+04	-6.280000E+01
6.846000E+04	-6.280733E+01
6.852000E+04	-6.281467E+01
6.858000E+04	-6.282200E+01
6.864000E+04	-6.282933E+01
6.870000E+04	-6.283667E+01
6.876000E+04	-6.284400E+01
6.882000E+04	-6.285133E+01
6.888000E+04	-6.285867E+01
6.894000E+04	-6.286600E+01
6.900000E+04	-6.287333E+01
6.906000E+04	-6.288067E+01
6.912000E+04	-6.288800E+01
6.918000E+04	-6.289533E+01
6.924000E+04	-6.290267E+01
6.930000E+04	-6.291000E+01
6.936000E+04	-6.291733E+01
6.942000E+04	-6.292467E+01
6.948000E+04	-6.293200E+01
6.954000E+04	-6.293933E+01
6.960000E+04	-6.294667E+01
6.966000E+04	-6.295400E+01
6.972000E+04	-6.296133E+01
6.978000E+04	-6.296867E+01
6.984000E+04	-6.297600E+01
6.990000E+04	-6.298333E+01
6.996000E+04	-6.299067E+01
7.002000E+04	-6.299800E+01
7.008000E+04	-6.300533E+01
7.014000E+04	-6.301267E+01
7.020000E+04	-6.302000E+01
7.026000E+04	-6.299667E+01
7.032000E+04	-6.297333E+01
7.038000E+04	-6.295000E+01
7.044000E+04	-6.292667E+01
7.050000E+04	-6.290333E+01
7.056000E+04	-6.288000E+01
7.062000E+04	-6.285667E+01
7.068000E+04	-6.283333E+01
7.074000E+04	-6.281000E+01
7.080000E+04	-6.278667E+01
7.086000E+04	-6.276333E+01
7.092000E+04	-6.274000E+01
7.098000E+04	-6.271667E+01
7.104000E+04	-6.269333E+01
7.110000E+04	-6.267000E+01
7.116000E+04	-6.264667E+01
7.122000E+04	-6.262333E+01
7.128000E+04	-6.260000E+01
7.134000E+04	-6.257667E+01
7.140000E+04	-6.255333E+01
7.146000E+04	-6.253000E+01
7.152000E+04	-6.250667E+01
7.158000E+04	-6.248333E+01
7.164000E+04	-6.246000E+01
7.170000E+04	-6.243667E+01
7.176000E+04	-6.241333E+01
7.182000E+04	-6.239000E+01
7.188000E+04	-6.236667E+01
7.194000E+04	-6.234333E+01
7.200000E+04	-6.232000E+01
7.206000E+04	-6.230900E+01
7.212000E+04	-6.229800E+01
7.218000E+04	-6.228700E+01
7.224000E+04	-6.227600E+01
7.230000E+04	-6.226500E+01
7.236000E+04	-6.225400E+01
7.242000E+04	-6.224300E+01
7.248000E+04	-6.223200E+01
7.254000E+04	-6.222100E+01
7.260000E+04	-6.221000E+01
7.266000E+04	-6.219900E+01
7.272000E+04	-6.218800E+01
7.278000E+04	-6.217700E+01
7.284000E+04	-6.216600E+01
7.290000E+04	-6.215500E+01
7.296000E+04	-6.214400E+01
7.302000E+04	-6.213300E+01
7.308000E+04	-6.212200E+01
7.314000E+04	-6.211100E+01
7.320000E+04	-6.210000E+01
7.326000E+04	-6.208900E+01
7.332000E+04	-6.207800E+01
7.338000E+04	-6.206700E+01
7.344000E+04	-6.205600E+01
7.350000E+04	-6.204500E+01
7.356000E+04	-6.203400E+01
7.362000E+04	-6.202300E+01
7.368000E+04	-6.201200E+01
7.374000E+04	-6.200100E+01
7.380000E+04	-6.199000E+01
7.386000E+04	-6.189234E+01
7.392000E+04	-6.179467E+01
7.398000E+04	-6.169700E+01
7.404000E+04	-6.159933E+01
7.410000E+04	-6.150167E+01
7.416000E+04	-6.140400E+01
7.422000E+04	-6.130633E+01
7.428000E+04	-6.120867E+01
7.434000E+04	-6.111100E+01
7.440000E+04	-6.101333E+01
7.446000E+04	-6.091567E+01
7.452000E+04	-6.081800E+01
7.458000E+04	-6.072033E+01
7.464000E+04	-6.062267E+01
7.470000E+04	-6.052500E+01
7.476000E+04	-6.042733E+01
7.482000E+04	-6.032967E+01
7.488000E+04	-6.023200E+01
7.494000E+04	-6.013433E+01
7.500000E+04	-6.003667E+01
7.506000E+04	-5.993900E+01
7.512000E+04	-5.984133E+01
7.518000E+04	-5.974367E+01
7.524000E+04	-5.964600E+01
7.530000E+04	-5.954833E+01
7.536000E+04	-5.945067E+01
7.542000E+04	-5.935300E+01
7.548000E+04	-5.925533E+01
7.554000E+04	-5.915767E+01
7.560000E+04	-5.906000E+01
7.566000E+04	-5.904100E+01
7.572000E+04	-5.902200E+01
7.578000E+04	-5.900300E+01
7.584000E+04	-5.898400E+01
7.590000E+04	-5.896500E+01
7.596000E+04	-5.894600E+01
7.602000E+04	-5.892700E+01
7.608000E+04	-5.890800E+01
7.614000E+04	-5.888900E+01
7.620000E+04	-5.887000E+01
7.626000E+04	-5.885100E+01
7.632000E+04	-5.883200E+01
7.638000E+04	-5.881300E+01
7.644000E+04	-5.879400E+01
7.650000E+04	-5.877500E+01
7.656000E+04	-5.875600E+01
7.662000E+04	-5.873700E+01
7.668000E+04	-5.871800E+01
7.674000E+04	-5.869900E+01
7.680000E+04	-5.868000E+01
7.686000E+04	-5.866100E+01
7.692000E+04	-5.864200E+01
7.698000E+04	-5.862300E+01
7.704000E+04	-5.860400E+01
7.710000E+04	-5.858500E+01
7.716000E+04	-5.856600E+01
7.722000E+04	-5.854700E+01
7.728000E+04	-5.852800E+01
7.734000E+04	-5.850900E+01
7.740000E+04	-5.849000E+01
7.746000E+04	-5.851100E+01
7.752000E+04	-5.853200E+01
7.758000E+04	-5.855300E+01
7.764000E+04	-5.857400E+01
7.770000E+04	-5.859500E+01
7.776000E+04	-5.861600E+01
7.782000E+04	-5.863700E+01
7.788000E+04	-5.865800E+01
7.794000E+04	-5.867900E+01
7.800000E+04	-5.870000E+01
7.806000E+04	-5.872100E+01
7.812000E+04	-5.874200E+01
7.818000E+04	-5.876300E+01
7.824000E+04	-5.878400E+01
7.830000E+04	-5.880500E+01
7.836000E+04	-5.882600E+01
7.842000E+04	-5.884700E+01
7.848000E+04	-5.886800E+01
7.854000E+04	-5.888900E+01
7.860000E+04	-5.891000E+01
7.866000E+04	-5.893100E+01
7.872000E+04	-5.895200E+01
7.878000E+04	-5.897300E+01
7.884000E+04	-5.899400E+01
7.890000E+04	-5.901500E+01
7.896000E+04	-5.903600E+01
7.902000E+04	-5.905700E+01
7.908000E+04	-5.907800E+01
7.914000E+04	-5.909900E+01
7.920000E+04	-5.912000E+01
7.926000E+04	-5.911300E+01
7.932000E+04	-5.910600E+01
7.938000E+04	-5.909900E+01
7.944000E+04	-5.909200E+01
7.950000E+04	-5.908500E+01
7.956000E+04	-5.907800E+01
7.962000E+04	-5.907100E+01
7.968000E+04	-5.906400E+01
7.974000E+04	-5.905700E+01
7.980000E+04	-5.905000E+01
7.986000E+04	-5.904300E+01
7.992000E+04	-5.903600E+01
7.998000E+04	-5.902900E+01
8.004000E+04	-5.902200E+01
8.010000E+04	-5.901500E+01
8.016000E+04	-5.900800E+01
8.022000E+04	-5.900100E+01
8.028000E+04	-5.899400E+01
8.034000E+04	-5.898700E+01
8.040000E+04	-5.898000E+01
8.046000E+04	-5.897300E+01
8.052000E+04	-5.896600E+01
8.058000E+04	-5.895900E+01
8.064000E+04	-5.895200E+01
8.070000E+04	-5.894500E+01
8.076000E+04	-5.893800E+01
8.082000E+04	-5.893100E+01
8.088000E+04	-5.892400E+01
8.094000E+04	-5.891700E+01
8.100000E+04	-5.891000E+01
8.106000E+04	-5.886900E+01
8.112000E+04	-5.882800E+01
8.118000E+04	-5.878700E+01
8.124000E+04	-5.874600E+01
8.130000E+04	-5.870500E+01
8.136000E+04	-5.866400E+01
8.142000E+04	-5.862300E+01
8.148000E+04	-5.858200E+01
8.154000E+04	-5.854100E+01
8.160000E+04	-5.850000E+01
8.166000E+04	-5.845900E+01
8.172000E+04	-5.841800E+01
8.178000E+04	-5.837700E+01
8.184000E+04	-5.833600E+01
8.190000E+04	-5.829500E+01
8.196000E+04	-5.825400E+01
8.202000E+04	-5.821300E+01
8.208000E+04	-5.817200E+01
8.214000E+04	-5.813100E+01
8.220000E+04	-5.809000E+01
8.226000E+04	-5.804900E+01
8.232000E+04	-5.800800E+01
8.238000E+04	-5.796700E+01
8.244000E+04	-5.792600E+01
8.250000E+04	-5.788500E+01
8.256000E+04	-5.784400E+01
8.262000E+04	-5.780300E+01
8.268000E+04	-5.776200E+01
8.274000E+04	-5.772100E+01
8.280000E+04	-5.768000E+01
8.286000E+04	-5.758533E+01
8.292000E+04	-5.749067E+01
8.298000E+04	-5.739600E+01
8.304000E+04	-5.730133E+01
8.310000E+04	-5.720667E+01
8.316000E+04	-5.711200E+01
8.322000E+04	-5.701733E+01
8.328000E+04	-5.692267E+01
8.334000E+04	-5.682800E+01
8.340000E+04	-5.673333E+01
8.346000E+04	-5.663867E+01
8.352000E+04	-5.654400E+01
8.358000E+04	-5.644933E+01
8.364000E+04	-5.635467E+01
8.370000E+04	-5.626000E+01
8.376000E+04	-5.616533E+01
8.382000E+04	-5.607067E+01
8.388000E+04	-5.597600E+01
8.394000E+04	-5.588133E+01
8.400000E+04	-5.578667E+01
8.406000E+04	-5.569200E+01
8.412000E+04	-5.559733E+01
8.418000E+04	-5.550267E+01
8.424000E+04	-5.540800E+01
8.430000E+04	-5.531333E+01
8.436000E+04	-5.521867E+01
8.442000E+04	-5.512400E+01
8.448000E+04	-5.502933E+01
8.454000E+04	-5.493467E+01
8.460000E+04	-5.484000E+01
8.466000E+04	-5.485567E+01
8.472000E+04	-5.487133E+01
8.478000E+04	-5.488700E+01
8.484000E+04	-5.490267E+01
8.490000E+04	-5.491833E+01
8.496000E+04	-5.493400E+01
8.502000E+04	-5.494967E+01
8.508000E+04	-5.496533E+01
8.514000E+04	-5.498100E+01
8.520000E+04	-5.499667E+01
8.526000E+04	-5.501233E+01
8.532000E+04	-5.502800E+01
8.538000E+04	-5.504367E+01
8.544000E+04	-5.505933E+01
8.550000E+04	-5.507500E+01
8.556000E+04	-5.509067E+01
8.562000E+04	-5.510633E+01
8.568000E+04	-5.512200E+01
8.574000E+04	-5.513767E+01
8.580000E+04	-5.515333E+01
8.586000E+04	-5.516900E+01
8.592000E+04	-5.518467E+01
8.598000E+04	-5.520033E+01
8.604000E+04	-5.521600E+01
8.610000E+04	-5.523167E+01
8.616000E+04	-5.524733E+01
8.622000E+04	-5.526300E+01
8.628000E+04	-5.527867E+01
8.634000E+04	-5.529433E+01
8.640000E+04	-5.531000E+01
